tipo,quartos,preço,bairro,cidade,estado,área construida,anunciante,data do anuncio,url,data da coleta,hora da coleta
Venda - apartamento padrão,2,R$ 170.000,Mutondo,São Gonçalo,RJ,70m²,Marcio Luis Pinto da Silva,05/10/2023,https://rj.olx.com.br/rio-de-janeiro-e-regiao/imoveis/apartamento-com-2-quartos-em-mutondo-sao-goncalo-rj-1240542958,06/Oct/2023,07:43:06
Venda - casa em rua pública,4,R$ 310.000,Rocha,São Gonçalo,RJ,79m²,Marcio Luis Pinto da Silva,06/10/2023,https://rj.olx.com.br/rio-de-janeiro-e-regiao/imoveis/apartamento-com-4-quartos-em-rocha-sao-goncalo-rj-1240861894,06/Oct/2023,07:43:06
Venda - casa em condominio fechado,1,R$ 270.000,Mutondo,São Gonçalo,RJ,60m²,DILUANE IMÓVEIS,22/09/2023,https://rj.olx.com.br/rio-de-janeiro-e-regiao/imoveis/casa-em-condominio-venda-mutondo-sao-goncalo-rj-1236394046,06/Oct/2023,07:43:06
Terrenos,,R$ 80.000,Itaoca,São Gonçalo,RJ,390m²,PRIME IMÓVEIS,29/03/2023,https://rj.olx.com.br/rio-de-janeiro-e-regiao/terrenos/terreno-a-venda-390-m-por-r-80-000-00-itaoca-sao-goncalo-rj-1165387790,06/Oct/2023,07:43:07
Terrenos,,R$ 2.000.000,Mutondo,São Gonçalo,RJ,,Realiza Imóveis,25/04/2022,https://rj.olx.com.br/rio-de-janeiro-e-regiao/terrenos/terreno-em-frente-ao-guanabara-1024709867,06/Oct/2023,07:43:07
Venda - apartamento padrão,2,R$ 280.000,Mutondo,São Gonçalo,RJ,70m²,masr_rosa,03/10/2023,https://rj.olx.com.br/rio-de-janeiro-e-regiao/imoveis/apartamento-em-sao-goncalo-mutondo-02-dois-quartos-1237168308,06/Oct/2023,07:43:07
Terrenos,,R$ 480.000,Mutondo,São Gonçalo,RJ,130m²,Realiza Imóveis,25/04/2022,https://rj.olx.com.br/rio-de-janeiro-e-regiao/terrenos/terreno-para-venda-por-r-450-000-00-mutondo-sao-goncalo-rj-1024706730,06/Oct/2023,07:43:07
Terrenos,,R$ 2.000.000,Mutondo,São Gonçalo,RJ,,Realiza Imóveis,25/04/2022,https://rj.olx.com.br/rio-de-janeiro-e-regiao/terrenos/terreno-av-marica-1024705163,06/Oct/2023,07:43:07
Terrenos,,R$ 2.000.000,Mutondo,São Gonçalo,RJ,600m²,KIFFER Imobiliária - 2,25/10/2022,https://rj.olx.com.br/rio-de-janeiro-e-regiao/terrenos/area-a-venda-600-m-por-r-2-000-000-00-mutondo-sao-goncalo-rj-1101567244,06/Oct/2023,07:43:07
Venda - casa em rua pública,3,R$ 450.000,Mutondo,São Gonçalo,RJ,360m²,f.erthal74,04/10/2023,https://rj.olx.com.br/rio-de-janeiro-e-regiao/imoveis/excelente-casa-sala-3-quartos-copa-cozinha-wc-garagem-5-carros-churrasqueira-1113878565,06/Oct/2023,07:43:07
Venda - casa em rua pública,3,R$ 472.500,Mutondo,São Gonçalo,RJ,160m²,ALLIANCA NITERÓI SOLUÇÕES IMOBILIÁRIAS,02/10/2023,https://rj.olx.com.br/rio-de-janeiro-e-regiao/imoveis/casa-a-venda-160-m-por-r-472-500-00-mutondo-sao-goncalo-rj-1239548196,06/Oct/2023,07:43:07
Venda - apartamento padrão,2,R$ 135.000,Mutondo,São Gonçalo,RJ,45m²,Fabiano Godolphim,29/09/2023,https://rj.olx.com.br/rio-de-janeiro-e-regiao/imoveis/vendo-apartamento-1238857319,06/Oct/2023,07:43:07
Venda - apartamento padrão,2,R$ 130.000,Mutondo,São Gonçalo,RJ,57m²,Marcio Luis Pinto da Silva,05/10/2023,https://rj.olx.com.br/rio-de-janeiro-e-regiao/imoveis/apartamento-com-2-quartos-em-mutondo-sao-goncalo-rj-1240558549,06/Oct/2023,07:43:07
Venda - casa em condominio fechado,3,R$ 270.000,Mutondo,São Gonçalo,RJ,90m²,Brasil Brokers Loja Tavares de Macedo,01/10/2023,https://rj.olx.com.br/rio-de-janeiro-e-regiao/imoveis/sao-goncalo-casa-de-condominio-colubande-1239442010,06/Oct/2023,07:43:07
Terrenos,,R$ 12.000.000,Mutondo,São Gonçalo,RJ,7000m²,Movv Inteligência Imobiliária,20/11/2022,https://rj.olx.com.br/rio-de-janeiro-e-regiao/terrenos/area-a-venda-7000-m-por-r-12-000-000-00-mutondo-sao-goncalo-rj-1112016519,06/Oct/2023,07:43:07
Venda - apartamento padrão,2,R$ 135.000,Mutondo,São Gonçalo,RJ,60m²,Marcio Luis Pinto da Silva,03/10/2023,https://rj.olx.com.br/rio-de-janeiro-e-regiao/imoveis/apartamento-para-venda-possui-com-2-quartos-em-mutondo-sao-goncalo-rj-1240014716,06/Oct/2023,07:43:07
Venda - casa em rua pública,2,R$ 350.000,Mutondo,São Gonçalo,RJ,94m²,IMOBILIÁRIA DIAMANTE,29/09/2023,https://rj.olx.com.br/rio-de-janeiro-e-regiao/imoveis/excelente-casa-bem-localizada-no-mutondo-em-sao-goncalo-1238797726,06/Oct/2023,07:43:07
Venda - casa em rua pública,3,R$ 270.000,Mutondo,São Gonçalo,RJ,80m²,OCEAN CORRETORA DE SEGUROS E NEGOCIOS IMOBILIARIOS LIMITADA,27/09/2023,https://rj.olx.com.br/rio-de-janeiro-e-regiao/imoveis/ocean-vende-mutondo-casa-duplex-3-quartos-2-banheiros-area-gourmet-1237932447,06/Oct/2023,07:43:07
Venda - apartamento padrão,2,R$ 199.000,Mutondo,São Gonçalo,RJ,,ASAP Imóveis,30/09/2023,https://rj.olx.com.br/rio-de-janeiro-e-regiao/imoveis/apartamento-de-2-quartos-com-varanda-perto-do-guanabara-1239133308,06/Oct/2023,07:43:07
Terrenos,,R$ 2.000.000,Mutondo,São Gonçalo,RJ,600m²,Kiffer - Maricá,11/07/2023,https://rj.olx.com.br/rio-de-janeiro-e-regiao/terrenos/area-a-venda-600-m-por-r-2-000-000-00-mutondo-sao-goncalo-rj-1209094213,06/Oct/2023,07:43:07
Venda - casa em rua pública,3,R$ 590.000,Mutondo,São Gonçalo,RJ,130m²,Marcio Luis Pinto da Silva,05/10/2023,https://rj.olx.com.br/rio-de-janeiro-e-regiao/imoveis/casa-com-3-quartos-em-mutondo-sao-goncalo-rj-1240542381,06/Oct/2023,07:43:07
Venda - apartamento padrão,2,R$ 240.000,Mutondo,São Gonçalo,RJ,,ASAP Imóveis,30/09/2023,https://rj.olx.com.br/rio-de-janeiro-e-regiao/imoveis/apartamento-de-2-quartos-com-varanda-1239135733,06/Oct/2023,07:43:07
Venda - casa em rua pública,3,R$ 280.000,Mutondo,São Gonçalo,RJ,80m²,OPEN HOUSE,28/09/2023,https://rj.olx.com.br/rio-de-janeiro-e-regiao/imoveis/open-house-vende-casa-3-quartos-no-colubande-sao-goncalo-rj-1238477053,06/Oct/2023,07:43:07
Venda - apartamento padrão,2,R$ 205.000,Mutondo,São Gonçalo,RJ,70m²,Marcio Luis Pinto da Silva,02/10/2023,https://rj.olx.com.br/rio-de-janeiro-e-regiao/imoveis/apartamento-com-2-quartos-em-mutondo-sao-goncalo-rj-1239730612,06/Oct/2023,07:43:07
Venda - apartamento padrão,2,R$ 205.000,Mutondo,São Gonçalo,RJ,70m²,Marcio Luis Pinto da Silva,04/10/2023,https://rj.olx.com.br/rio-de-janeiro-e-regiao/imoveis/apartamento-com-2-quartos-em-mutondo-sao-goncalo-rj-1240173465,06/Oct/2023,07:43:07
Venda - apartamento padrão,2,R$ 205.000,Mutondo,São Gonçalo,RJ,70m²,Marcio Luis Pinto da Silva,27/09/2023,https://rj.olx.com.br/rio-de-janeiro-e-regiao/imoveis/apartamento-com-2-quartos-em-mutondo-sao-goncalo-rj-1238139609,06/Oct/2023,07:43:07
Venda - apartamento padrão,2,R$ 170.000,Mutondo,São Gonçalo,RJ,70m²,Marcio Luis Pinto da Silva,04/10/2023,https://rj.olx.com.br/rio-de-janeiro-e-regiao/imoveis/apartamento-com-2-quartos-em-mutondo-sao-goncalo-rj-1240176838,06/Oct/2023,07:43:07
Terrenos,,R$ 90.000,Mutondo,São Gonçalo,RJ,363m²,HOME IMOVEIS NITEROI,25/02/2023,https://rj.olx.com.br/rio-de-janeiro-e-regiao/terrenos/terreno-a-venda-363-m-por-r-90-000-00-mutondo-sao-goncalo-rj-997964155,06/Oct/2023,07:43:07
Venda - casa em rua pública,3,R$ 260.000,Mutondo,São Gonçalo,RJ,80m²,Claudio Pereira,21/09/2023,https://rj.olx.com.br/rio-de-janeiro-e-regiao/imoveis/vendo-casa-duplex-1236330606,06/Oct/2023,07:43:07
Venda - apartamento padrão,2,R$ 170.000,Mutondo,São Gonçalo,RJ,70m²,Marcio Luis Pinto da Silva,02/10/2023,https://rj.olx.com.br/rio-de-janeiro-e-regiao/imoveis/apartamento-com-2-quartos-em-mutondo-sao-goncalo-rj-1239734619,06/Oct/2023,07:43:07
Venda - casa em rua pública,2,R$ 575.000,Mutondo,São Gonçalo,RJ,129m²,ALLIANCA NITERÓI SOLUÇÕES IMOBILIÁRIAS,02/10/2023,https://rj.olx.com.br/rio-de-janeiro-e-regiao/imoveis/casa-com-2-dormitorios-a-venda-129-m-por-r-575-000-00-mutondo-sao-goncalo-rj-1239548765,06/Oct/2023,07:43:07
Venda - apartamento padrão,2,R$ 240.000,Mutondo,São Gonçalo,RJ,60m²,Realiza Imóveis,23/09/2023,https://rj.olx.com.br/rio-de-janeiro-e-regiao/imoveis/apartamento-com-2-dormitorios-para-venda-por-r-240-000-00-alcantara-rj-1236721818,06/Oct/2023,07:43:07
Venda - apartamento padrão,2,R$ 140.000,Mutondo,São Gonçalo,RJ,65m²,imoveis-fcg,28/09/2023,https://rj.olx.com.br/rio-de-janeiro-e-regiao/imoveis/apartamento-com-65m-2-quartos-no-mutondo-sao-goncalo-rj-1238363765,06/Oct/2023,07:43:07
Venda - casa em rua pública,2,R$ 400.000,Mutondo,São Gonçalo,RJ,70m²,Jeferson Lima,30/09/2023,https://rj.olx.com.br/rio-de-janeiro-e-regiao/imoveis/arsenal-imoveis-vende-duas-casas-no-mutondo-proximo-a-igreja-flor-de-lins-1238932093,06/Oct/2023,07:43:07
Venda - apartamento padrão,3,R$ 200.000,Mutondo,São Gonçalo,RJ,62m²,Cotistas do Brasil Web,05/10/2023,https://rj.olx.com.br/rio-de-janeiro-e-regiao/imoveis/excelente-apto-no-mutondo-pertinho-de-tudo-entrar-e-morar-1240529076,06/Oct/2023,07:43:07
Venda - casa em rua pública,2,R$ 380.000,Antonina,São Gonçalo,RJ,100m²,Marcio Luis Pinto da Silva,05/10/2023,https://rj.olx.com.br/rio-de-janeiro-e-regiao/imoveis/casa-com-2-quartos-em-antonina-sao-goncalo-rj-1240566002,06/Oct/2023,07:43:07
Venda - casa em rua pública,3,R$ 574.000,Mutondo,São Gonçalo,RJ,350m²,Thiago,26/09/2023,https://rj.olx.com.br/rio-de-janeiro-e-regiao/imoveis/casa-linear-mutondo-1146983619,06/Oct/2023,07:43:07
Venda - apartamento padrão,2,R$ 170.000,Mutondo,São Gonçalo,RJ,62m²,INTEX IMÓVEIS,26/09/2023,https://rj.olx.com.br/rio-de-janeiro-e-regiao/imoveis/sao-goncalo-apartamento-padrao-alcantara-1237661647,06/Oct/2023,07:43:07
Venda - apartamento padrão,2,R$ 250.000,Mutondo,São Gonçalo,RJ,70m²,Melissa,22/09/2023,https://rj.olx.com.br/rio-de-janeiro-e-regiao/imoveis/condominio-vivendas-alfredo-backer-1236448946,06/Oct/2023,07:43:07
Venda - apartamento padrão,1,R$ 80.000,Mutondo,São Gonçalo,RJ,50m²,Cotistas do Brasil Web,23/09/2023,https://rj.olx.com.br/rio-de-janeiro-e-regiao/imoveis/apartamento-para-venda-tem-50-metros-quadrados-com-2-quartos-em-mutondo-sao-goncalo-rj-1236690598,06/Oct/2023,07:43:07
Venda - apartamento padrão,2,R$ 175.000,Mutondo,São Gonçalo,RJ,60m²,OCEAN CORRETORA DE SEGUROS E NEGOCIOS IMOBILIARIOS LIMITADA,05/09/2023,https://rj.olx.com.br/rio-de-janeiro-e-regiao/imoveis/ocean-vende-apto-alcantara-2-qtos-piso-laminado-de-madeira-box-vidro-pia-da-cozinha-e-1230331240,06/Oct/2023,07:43:08
Venda - apartamento padrão,2,R$ 168.000,Mutondo,São Gonçalo,RJ,56m²,Brasil Brokers Loja Tavares de Macedo,05/09/2023,https://rj.olx.com.br/rio-de-janeiro-e-regiao/imoveis/sao-goncalo-apartamento-padrao-mutondo-1230314039,06/Oct/2023,07:43:08
Venda - casa em vila,1,null,Mutondo,São Gonçalo,RJ,45m²,osymelo,04/09/2023,https://rj.olx.com.br/rio-de-janeiro-e-regiao/imoveis/vendo-quarto-casas-no-mutondo-sg-1230161797,06/Oct/2023,07:43:08
Venda - apartamento padrão,2,R$ 230.000,Mutondo,São Gonçalo,RJ,65m²,IMOBILIÁRIA JACARANDÁ,13/09/2023,https://rj.olx.com.br/rio-de-janeiro-e-regiao/imoveis/apartamento-com-2-dormitorios-65-m-venda-por-r-230-000-00-ou-aluguel-por-r-1-759-50-1233139341,06/Oct/2023,07:43:08
Venda - apartamento padrão,2,R$ 115.000,Mutondo,São Gonçalo,RJ,60m²,E. Santos,14/09/2023,https://rj.olx.com.br/rio-de-janeiro-e-regiao/imoveis/vendo-otimo-apto-abaixo-do-valor-1233805654,06/Oct/2023,07:43:08
Venda - apartamento padrão,2,R$ 175.000,Mutondo,São Gonçalo,RJ,55m²,OCEAN CORRETORA DE SEGUROS E NEGOCIOS IMOBILIARIOS LIMITADA,05/09/2023,https://rj.olx.com.br/rio-de-janeiro-e-regiao/imoveis/apartamento-a-venda-1230331301,06/Oct/2023,07:43:09
Venda - casa em rua pública,3,R$ 550.000,Mutondo,São Gonçalo,RJ,130m²,OPEN HOUSE,06/09/2023,https://rj.olx.com.br/rio-de-janeiro-e-regiao/imoveis/casa-a-venda-1230779530,06/Oct/2023,07:43:09
Venda - apartamento padrão,2,R$ 315.000,Mutondo,São Gonçalo,RJ,62m²,Brasil Brokers Loja Tavares de Macedo,05/09/2023,https://rj.olx.com.br/rio-de-janeiro-e-regiao/imoveis/sao-goncalo-apartamento-padrao-mutondo-1230315631,06/Oct/2023,07:43:09
Venda - apartamento padrão,2,R$ 200.000,Mutondo,São Gonçalo,RJ,70m²,RC IMOVEIS,21/09/2023,https://rj.olx.com.br/rio-de-janeiro-e-regiao/imoveis/dg38-apartamento-em-mutondo-somente-a-5-minutos-de-alcantara-ao-lado-do-7-batalhao-1236277038,06/Oct/2023,07:43:09
Venda - apartamento padrão,2,R$ 180.000,Mutondo,São Gonçalo,RJ,62m²,Bower Consultoria Imobiliária,14/09/2023,https://rj.olx.com.br/rio-de-janeiro-e-regiao/imoveis/apartamento-com-2-dormitorios-a-venda-62-m-por-r-180-000-00-alcantara-sao-goncalo-r-1233737613,06/Oct/2023,07:43:09
Venda - apartamento padrão,2,R$ 200.000,Mutondo,São Gonçalo,RJ,55m²,OCEAN CORRETORA DE SEGUROS E NEGOCIOS IMOBILIARIOS LIMITADA,05/09/2023,https://rj.olx.com.br/rio-de-janeiro-e-regiao/imoveis/apartamento-a-venda-1230331423,06/Oct/2023,07:43:09
Venda - casa em rua pública,3,R$ 1.250,Antonina,São Gonçalo,RJ,150m²,Danilo,20/09/2023,https://rj.olx.com.br/rio-de-janeiro-e-regiao/imoveis/casa-impecavel-alto-padrao-1235600324,06/Oct/2023,07:43:09
Venda - apartamento padrão,2,R$ 170.000,Mutondo,São Gonçalo,RJ,60m²,OCEAN CORRETORA DE SEGUROS E NEGOCIOS IMOBILIARIOS LIMITADA,05/09/2023,https://rj.olx.com.br/rio-de-janeiro-e-regiao/imoveis/apartamento-a-venda-1230331537,06/Oct/2023,07:43:09
Venda - apartamento padrão,2,R$ 189.470,Mutondo,São Gonçalo,RJ,60m²,USUÁRIO NEWCORE,01/09/2023,https://rj.olx.com.br/rio-de-janeiro-e-regiao/imoveis/apartamento-em-avenida-jose-mendonca-de-campos-mutondo-sao-goncalo-rj-1228877947,06/Oct/2023,07:43:09
Venda - apartamento padrão,2,R$ 180.000,Mutondo,São Gonçalo,RJ,60m²,OCEAN CORRETORA DE SEGUROS E NEGOCIOS IMOBILIARIOS LIMITADA,03/09/2023,https://rj.olx.com.br/rio-de-janeiro-e-regiao/imoveis/ocean-vende-alcantara-apt-2-qtos-com-excelente-localizacao-porcelanato-vista-sol-man-1229662963,06/Oct/2023,07:43:09
Venda - apartamento padrão,2,R$ 135.000,Mutondo,São Gonçalo,RJ,55m²,Marcio Luis Pinto da Silva,21/09/2023,https://rj.olx.com.br/rio-de-janeiro-e-regiao/imoveis/apartamento-para-venda-com-2-quartos-em-mutondo-sao-goncalo-rj-1236107788,06/Oct/2023,07:43:09
Venda - apartamento padrão,2,R$ 135.000,Mutondo,São Gonçalo,RJ,60m²,Marcio Luis Pinto da Silva,13/09/2023,https://rj.olx.com.br/rio-de-janeiro-e-regiao/imoveis/apartamento-para-venda-com-2-quartos-em-mutondo-sao-goncalo-rj-1233264361,06/Oct/2023,07:43:09
Venda - apartamento padrão,4,R$ 310.000,Rocha,São Gonçalo,RJ,79m²,Marcio Luis Pinto da Silva,29/09/2023,https://rj.olx.com.br/rio-de-janeiro-e-regiao/imoveis/apartamento-com-4-quartos-em-rocha-sao-goncalo-rj-1238635039,06/Oct/2023,07:43:09
Venda - casa em rua pública,2,R$ 539.840,Antonina,São Gonçalo,RJ,110m²,USUÁRIO NEWCORE,06/09/2023,https://rj.olx.com.br/rio-de-janeiro-e-regiao/imoveis/casa-em-rua-alvaro-esteves-antonina-sao-goncalo-rj-1230760047,06/Oct/2023,07:43:09
Venda - casa em rua pública,3,R$ 575.000,Mutondo,São Gonçalo,RJ,10m²,OCEAN CORRETORA DE SEGUROS E NEGOCIOS IMOBILIARIOS LIMITADA,15/09/2023,https://rj.olx.com.br/rio-de-janeiro-e-regiao/imoveis/ocean-vende-mutondo-casa-2-quartos-area-gourmet-ar-condicionado-split-em-todos-os-com-1234020198,06/Oct/2023,07:43:09
Venda - apartamento padrão,2,R$ 160.000,Mutondo,São Gonçalo,RJ,60m²,OCEAN CORRETORA DE SEGUROS E NEGOCIOS IMOBILIARIOS LIMITADA,03/09/2023,https://rj.olx.com.br/rio-de-janeiro-e-regiao/imoveis/apartamento-a-venda-1229663151,06/Oct/2023,07:43:09
Venda - casa em rua pública,2,R$ 200.000,Mutondo,São Gonçalo,RJ,80m²,Luiz Carlos Simões da Silva,06/09/2023,https://rj.olx.com.br/rio-de-janeiro-e-regiao/imoveis/cada-de-2-quartos-em-mutondo-sao-goncalo-1230765860,06/Oct/2023,07:43:09
Venda - casa em rua pública,1,R$ 13.000,Mutondo,São Gonçalo,RJ,0m²,Andrea A.,15/09/2023,https://rj.olx.com.br/rio-de-janeiro-e-regiao/imoveis/vendo-otima-propriedade-1234026978,06/Oct/2023,07:43:09
Venda - casa em rua pública,3,R$ 350.000,Mutondo,São Gonçalo,RJ,136m²,Wagner,15/09/2023,https://rj.olx.com.br/rio-de-janeiro-e-regiao/imoveis/sobrado-no-mutondo-otima-localizacao-1234046086,06/Oct/2023,07:43:09
Venda - casa em rua pública,3,R$ 350.000,Mutondo,São Gonçalo,RJ,72m²,Brasil Brokers Loja Tavares de Macedo,05/09/2023,https://rj.olx.com.br/rio-de-janeiro-e-regiao/imoveis/sao-goncalo-casa-padrao-mutondo-1230313805,06/Oct/2023,07:43:09
Venda - apartamento padrão,2,R$ 190.000,Antonina,São Gonçalo,RJ,96m²,PEREIRA MELO,14/09/2023,https://rj.olx.com.br/rio-de-janeiro-e-regiao/imoveis/apartamento-andar-alto-junto-ao-ferreira-s-veiculos-1233655256,06/Oct/2023,07:43:09
Venda - apartamento padrão,2,R$ 130.000,Mutondo,São Gonçalo,RJ,,Leonardo F.,20/09/2023,https://rj.olx.com.br/rio-de-janeiro-e-regiao/imoveis/vendo-apartamento-1235737629,06/Oct/2023,07:43:09
Venda - apartamento padrão,2,R$ 195.000,Mutondo,São Gonçalo,RJ,60m²,INTEX IMÓVEIS,21/09/2023,https://rj.olx.com.br/rio-de-janeiro-e-regiao/imoveis/sao-goncalo-apartamento-padrao-colubande-1236075157,06/Oct/2023,07:43:09
Venda - apartamento padrão,2,R$ 170.000,Mutondo,São Gonçalo,RJ,70m²,Marcio Luis Pinto da Silva,28/09/2023,https://rj.olx.com.br/rio-de-janeiro-e-regiao/imoveis/apartamento-com-2-quartos-em-mutondo-sao-goncalo-rj-1238403442,06/Oct/2023,07:43:09
Venda - apartamento padrão,2,R$ 280.000,Mutondo,São Gonçalo,RJ,,ASAP Imóveis,17/09/2023,https://rj.olx.com.br/rio-de-janeiro-e-regiao/imoveis/excelente-apartamento-com-varanda-1234667803,06/Oct/2023,07:43:09
Venda - casa em rua pública,2,R$ 580.000,Mutondo,São Gonçalo,RJ,350m²,RE/MAX Grand One,21/09/2023,https://rj.olx.com.br/rio-de-janeiro-e-regiao/imoveis/casa-para-venda-com-350-metros-quadrados-com-3-quartos-em-mutondo-sao-goncalo-rj-1236228595,06/Oct/2023,07:43:09
Venda - apartamento padrão,2,R$ 220.000,Mutondo,São Gonçalo,RJ,80m²,Grupo Procuradoria,05/09/2023,https://rj.olx.com.br/rio-de-janeiro-e-regiao/imoveis/apartamento-com-2-dormitorios-80-m-venda-por-r-220-000-00-ou-aluguel-por-r-1-440-86-1230322484,06/Oct/2023,07:43:09
Venda - casa em rua pública,2,R$ 280.000,Mutondo,São Gonçalo,RJ,70m²,Fátima Santos,04/09/2023,https://rj.olx.com.br/rio-de-janeiro-e-regiao/imoveis/casa-para-venda-com-70-metros-quadrados-com-2-quartos-em-mutondo-sao-goncalo-rj-1230048004,06/Oct/2023,07:43:09
Venda - casa em rua pública,2,R$ 300.000,Mutondo,São Gonçalo,RJ,180m²,Dargam Imobiliária,08/09/2023,https://rj.olx.com.br/rio-de-janeiro-e-regiao/imoveis/sobrado-duplex-no-mutondo-1231684410,06/Oct/2023,07:43:09
Venda - apartamento padrão,2,R$ 138.000,Mutondo,São Gonçalo,RJ,65m²,SABINO IMÓVEIS,03/09/2023,https://rj.olx.com.br/rio-de-janeiro-e-regiao/imoveis/mutondo-apt-2qts-r-120-000-00-1229748754,06/Oct/2023,07:43:09
Venda - apartamento padrão,2,R$ 150.000,Mutondo,São Gonçalo,RJ,55m²,OCEAN CORRETORA DE SEGUROS E NEGOCIOS IMOBILIARIOS LIMITADA,03/09/2023,https://rj.olx.com.br/rio-de-janeiro-e-regiao/imoveis/ocean-vende-alcantara-2-qtos-piso-madeira-qtos-porcelanato-sala-corredor-banh-box-blid-1229662964,06/Oct/2023,07:43:09
Venda - casa em rua pública,2,R$ 195.000,Mutondo,São Gonçalo,RJ,110m²,RC IMOVEIS,09/09/2023,https://rj.olx.com.br/rio-de-janeiro-e-regiao/imoveis/esc29-oportunidade-de-casa-em-mutondo-sao-goncalo-1231910144,06/Oct/2023,07:43:09
Venda - apartamento padrão,2,R$ 250.000,Mutondo,São Gonçalo,RJ,48m²,Brasil Brokers Loja Tavares de Macedo,05/09/2023,https://rj.olx.com.br/rio-de-janeiro-e-regiao/imoveis/sao-goncalo-apartamento-padrao-mutondo-1230313688,06/Oct/2023,07:43:09
Venda - casa em condominio fechado,2,R$ 260.000,Mutondo,São Gonçalo,RJ,50m²,Brasil Brokers Loja Tavares de Macedo,05/09/2023,https://rj.olx.com.br/rio-de-janeiro-e-regiao/imoveis/sao-goncalo-casa-de-condominio-colubande-1230315218,06/Oct/2023,07:43:09
Venda - apartamento padrão,2,R$ 135.000,Mutondo,São Gonçalo,RJ,60m²,Marcio Luis Pinto da Silva,17/08/2023,https://rj.olx.com.br/rio-de-janeiro-e-regiao/imoveis/apartamento-para-venda-com-2-quartos-em-mutondo-sao-goncalo-rj-1223372785,06/Oct/2023,07:43:10
Venda - apartamento padrão,2,R$ 160.000,Mutondo,São Gonçalo,RJ,58m²,OCEAN CORRETORA DE SEGUROS E NEGOCIOS IMOBILIARIOS LIMITADA,29/08/2023,https://rj.olx.com.br/rio-de-janeiro-e-regiao/imoveis/ocean-vende-alcantara-condominio-apartamento-2-quartos-1-sala-1-cozinha-1-banheiro-1227616370,06/Oct/2023,07:43:10
Venda - apartamento padrão,2,R$ 150.000,Mutondo,São Gonçalo,RJ,60m²,gellyca2,24/08/2023,https://rj.olx.com.br/rio-de-janeiro-e-regiao/imoveis/apartamento-no-condominio-zodiaco-1215861265,06/Oct/2023,07:43:10
Venda - apartamento padrão,2,R$ 220.000,Mutondo,São Gonçalo,RJ,70m²,eduardo araujo,29/08/2023,https://rj.olx.com.br/rio-de-janeiro-e-regiao/imoveis/ap-2-quartos-mobiliado-1227620313,06/Oct/2023,07:43:11
Venda - apartamento padrão,2,R$ 240.000,Mutondo,São Gonçalo,RJ,65m²,Antonio,22/08/2023,https://rj.olx.com.br/rio-de-janeiro-e-regiao/imoveis/apartamento-reformado-centro-de-alcantara-sao-goncalo-2-quartos-1220763130,06/Oct/2023,07:43:11
Venda - apartamento padrão,2,R$ 290.000,Mutondo,São Gonçalo,RJ,58m²,PAULO ROBERTO MENEZES VIEIRA,29/08/2023,https://rj.olx.com.br/rio-de-janeiro-e-regiao/imoveis/vendo-2-qts-suite-no-jardim-central-2-apartamento-de-frente-e-andar-alto-mutondo-1227548383,06/Oct/2023,07:43:11
Venda - apartamento padrão,2,R$ 135.000,Mutondo,São Gonçalo,RJ,60m²,Marcio Luis Pinto da Silva,09/08/2023,https://rj.olx.com.br/rio-de-janeiro-e-regiao/imoveis/apartamento-para-venda-possui-2-quartos-em-mutondo-sao-goncalo-rj-1220227428,06/Oct/2023,07:43:11
Venda - casa em rua pública,2,R$ 350.000,Mutondo,São Gonçalo,RJ,,Giselda A.,06/08/2023,https://rj.olx.com.br/rio-de-janeiro-e-regiao/imoveis/casa-tipo-sobrado-no-mutondo-02-quartos-c-escritorio-1219185630,06/Oct/2023,07:43:11
Venda - apartamento padrão,2,R$ 170.000,Mutondo,São Gonçalo,RJ,59m²,OPEN HOUSE,24/08/2023,https://rj.olx.com.br/rio-de-janeiro-e-regiao/imoveis/apartamento-a-venda-1226202677,06/Oct/2023,07:43:11
Venda - apartamento padrão,2,R$ 135.000,Mutondo,São Gonçalo,RJ,70m²,Andrea,11/08/2023,https://rj.olx.com.br/rio-de-janeiro-e-regiao/imoveis/vendo-excelente-apartamento-1172783668,06/Oct/2023,07:43:11
Venda - casa em rua pública,3,R$ 590.000,Mutondo,São Gonçalo,RJ,130m²,Marcio Luis Pinto da Silva,17/08/2023,https://rj.olx.com.br/rio-de-janeiro-e-regiao/imoveis/casa-para-venda-com-130-metros-quadrados-com-3-quartos-em-mutondo-sao-goncalo-rj-1223268362,06/Oct/2023,07:43:11
Venda - apartamento padrão,2,R$ 195.000,Mutondo,São Gonçalo,RJ,60m²,Ricardo Budiko,30/08/2023,https://rj.olx.com.br/rio-de-janeiro-e-regiao/imoveis/otimo-apto-2qtos-em-condominio-fechado-1228135711,06/Oct/2023,07:43:11
Venda - casa em rua pública,2,R$ 350.000,Mutondo,São Gonçalo,RJ,94m²,FRANCISCO EGITO,26/08/2023,https://rj.olx.com.br/rio-de-janeiro-e-regiao/imoveis/casa-com-2-dormitorios-a-venda-94-m-por-r-350-000-00-mutondo-sao-goncalo-rj-1226670133,06/Oct/2023,07:43:11
Venda - apartamento padrão,2,R$ 165.000,Mutondo,São Gonçalo,RJ,59m²,Thiago,22/08/2023,https://rj.olx.com.br/rio-de-janeiro-e-regiao/imoveis/apartamento-mutondo-2-quartos-colinas-do-engenho-1224934542,06/Oct/2023,07:43:11
Venda - apartamento padrão,2,R$ 200.000,Mutondo,São Gonçalo,RJ,55m²,Renato,25/08/2023,https://rj.olx.com.br/rio-de-janeiro-e-regiao/imoveis/vendo-apartamento-alcantara-2-quartos-1226345830,06/Oct/2023,07:43:11
Venda - apartamento padrão,2,R$ 180.000,Mutondo,São Gonçalo,RJ,55m²,AMIM IMÓVEIS,01/09/2023,https://rj.olx.com.br/rio-de-janeiro-e-regiao/imoveis/apartamento-com-2-quartos-a-venda-55-m-por-r-180-000-colubande-sao-goncalo-rj-1228891625,06/Oct/2023,07:43:11
Venda - apartamento padrão,2,R$ 250.000,Mutondo,São Gonçalo,RJ,60m²,Bower Consultoria Imobiliária,24/08/2023,https://rj.olx.com.br/rio-de-janeiro-e-regiao/imoveis/apartamento-com-2-dormitorios-a-venda-60-m-por-r-250-000-00-alcantara-sao-goncalo-r-1225898193,06/Oct/2023,07:43:11
Venda - casa em rua pública,2,R$ 160.000,Itaoca,São Gonçalo,RJ,80m²,Almir Ribeiro,29/08/2023,https://rj.olx.com.br/rio-de-janeiro-e-regiao/imoveis/casa-para-venda-por-r-160-000-00-aceita-carta-1227869374,06/Oct/2023,07:43:11
Venda - apartamento padrão,2,R$ 160.000,Mutondo,São Gonçalo,RJ,,Click Imóveis,31/08/2023,https://rj.olx.com.br/rio-de-janeiro-e-regiao/imoveis/excelente-apartamento-no-colubande-1228694053,06/Oct/2023,07:43:11
Venda - casa em rua pública,2,R$ 279.999,Mutondo,São Gonçalo,RJ,80m²,Marcio Luis Pinto da Silva,27/08/2023,https://rj.olx.com.br/rio-de-janeiro-e-regiao/imoveis/mutondo-casas-duplex-alto-padrao-1226911278,06/Oct/2023,07:43:11
Venda - casa em rua pública,2,R$ 40.000,Mutondo,São Gonçalo,RJ,,Juan,14/08/2023,https://rj.olx.com.br/rio-de-janeiro-e-regiao/imoveis/casa-na-regiao-dos-lagos-1222192295,06/Oct/2023,07:43:11
Venda - casa em rua pública,3,R$ 450.000,Mutondo,São Gonçalo,RJ,160m²,OCEAN CORRETORA DE SEGUROS E NEGOCIOS IMOBILIARIOS LIMITADA,25/08/2023,https://rj.olx.com.br/rio-de-janeiro-e-regiao/imoveis/ocean-vende-mutondo-duplex-3-quartos-2-banheiros-ar-condicionado-split-em-todos-os-co-1226328835,06/Oct/2023,07:43:11
Venda - casa em rua pública,2,R$ 380.000,Antonina,São Gonçalo,RJ,100m²,Marcio Luis Pinto da Silva,17/08/2023,https://rj.olx.com.br/rio-de-janeiro-e-regiao/imoveis/casa-com-2-quartos-em-antonina-sao-goncalo-rj-1223268251,06/Oct/2023,07:43:11
Venda - apartamento padrão,2,R$ 150.000,Mutondo,São Gonçalo,RJ,60m²,JOSE  BATISTA,12/08/2023,https://rj.olx.com.br/rio-de-janeiro-e-regiao/imoveis/apartamento-2-quartos-em-alcantara-sao-goncalo-rj-1221641158,06/Oct/2023,07:43:11
Venda - casa em rua pública,2,R$ 380.000,Antonina,São Gonçalo,RJ,135m²,RE / MAX NEW WAVE,14/08/2023,https://rj.olx.com.br/rio-de-janeiro-e-regiao/imoveis/imovel-bem-localizado-proximo-ao-centro-comercial-1221928192,06/Oct/2023,07:43:11
Venda - apartamento padrão,2,R$ 250.000,Mutondo,São Gonçalo,RJ,60m²,OPEN HOUSE,25/08/2023,https://rj.olx.com.br/rio-de-janeiro-e-regiao/imoveis/apartamento-a-venda-1226341449,06/Oct/2023,07:43:11
Venda - apartamento padrão,2,R$ 145.000,Mutondo,São Gonçalo,RJ,64m²,Balcarce Imóveis,28/08/2023,https://rj.olx.com.br/rio-de-janeiro-e-regiao/imoveis/apartamento-para-venda-em-sao-goncalo-mutondo-2-dormitorios-2-banheiros-1-vaga-1227491173,06/Oct/2023,07:43:11
Venda - apartamento padrão,3,R$ 330.000,Mutondo,São Gonçalo,RJ,76m²,alexandredioliveira,17/08/2023,https://rj.olx.com.br/rio-de-janeiro-e-regiao/imoveis/jardim-central-2-espacoso-apartamento-de-3-quartos-com-lazer-completo-no-mutondo-1223064060,06/Oct/2023,07:43:11
Venda - apartamento padrão,2,R$ 250.000,Mutondo,São Gonçalo,RJ,60m²,OCEAN CORRETORA DE SEGUROS E NEGOCIOS IMOBILIARIOS LIMITADA,22/08/2023,https://rj.olx.com.br/rio-de-janeiro-e-regiao/imoveis/ocean-vende-alcantara-1-sol-da-manha-todo-em-porcelanato-armario-cozinha-banheiro-e-sa-1224984131,06/Oct/2023,07:43:11
Venda - apartamento padrão,2,null,Mutondo,São Gonçalo,RJ,60m²,Rodrigues,20/08/2023,https://rj.olx.com.br/rio-de-janeiro-e-regiao/imoveis/apartamento-no-alcantara-1-1224439923,06/Oct/2023,07:43:11
Venda - apartamento padrão,2,R$ 175.000,Mutondo,São Gonçalo,RJ,70m²,SABINO IMÓVEIS,14/08/2023,https://rj.olx.com.br/rio-de-janeiro-e-regiao/imoveis/alcantara-apt-2-qts-confira-1222187836,06/Oct/2023,07:43:11
Venda - casa em rua pública,2,R$ 380.000,Antonina,São Gonçalo,RJ,100m²,Marcio Luis Pinto da Silva,31/08/2023,https://rj.olx.com.br/rio-de-janeiro-e-regiao/imoveis/casa-com-2-quartos-em-antonina-sao-goncalo-rj-1228695970,06/Oct/2023,07:43:11
Venda - apartamento padrão,2,R$ 198.921,Mutondo,São Gonçalo,RJ,45m²,Carlos,09/08/2023,https://rj.olx.com.br/rio-de-janeiro-e-regiao/imoveis/vende-se-apartamentos-no-colubande-1220335003,06/Oct/2023,07:43:11
Venda - apartamento padrão,2,R$ 150.000,Mutondo,São Gonçalo,RJ,60m²,OCEAN CORRETORA DE SEGUROS E NEGOCIOS IMOBILIARIOS LIMITADA,23/08/2023,https://rj.olx.com.br/rio-de-janeiro-e-regiao/imoveis/ocean-vende-alcantara-2-apartamento-2-quartos-armarios-sala-cozinha-area-servico-g-1225473110,06/Oct/2023,07:43:11
Venda - apartamento padrão,2,R$ 240.000,Mutondo,São Gonçalo,RJ,65m²,OCEAN CORRETORA DE SEGUROS E NEGOCIOS IMOBILIARIOS LIMITADA,23/08/2023,https://rj.olx.com.br/rio-de-janeiro-e-regiao/imoveis/ocean-vende-alcantara-1-apartamento-porcelanato-2-quartos-banheiro-com-blindex-coz-pi-1225472796,06/Oct/2023,07:43:11
Venda - casa em rua pública,2,R$ 280.000,Mutondo,São Gonçalo,RJ,70m²,Marcio Luis Pinto da Silva,24/08/2023,https://rj.olx.com.br/rio-de-janeiro-e-regiao/imoveis/casa-com-2-quartos-em-mutondo-sao-goncalo-rj-1226043351,06/Oct/2023,07:43:11
Venda - apartamento padrão,2,R$ 135.000,Mutondo,São Gonçalo,RJ,60m²,Marcio Luis Pinto da Silva,15/08/2023,https://rj.olx.com.br/rio-de-janeiro-e-regiao/imoveis/apartamento-para-venda-com-2-quartos-em-mutondo-sao-goncalo-rj-1222466841,06/Oct/2023,07:43:11
Venda - casa em rua pública,3,R$ 430.000,Mutondo,São Gonçalo,RJ,360m²,f.erthal74,17/08/2023,https://rj.olx.com.br/rio-de-janeiro-e-regiao/imoveis/excelente-casa-sala-3-quartos-copa-cozinha-wc-garagem-5-carros-churrasqueira-1173277029,06/Oct/2023,07:43:11
Venda - apartamento padrão,2,R$ 195.000,Mutondo,São Gonçalo,RJ,57m²,Carlos Augusto Porto Menezes,14/08/2023,https://rj.olx.com.br/rio-de-janeiro-e-regiao/imoveis/apartamento-em-localizacao-privilegiada-de-alcantara-miolo-com-lazer-completo-com-melhor-1221935778,06/Oct/2023,07:43:11
Venda - apartamento padrão,2,R$ 190.000,Mutondo,São Gonçalo,RJ,60m²,Rosa Imóveis,24/07/2023,https://rj.olx.com.br/rio-de-janeiro-e-regiao/imoveis/apartamento-para-venda-possui-60-metros-quadrados-com-2-quartos-em-mutondo-sao-goncalo-1214184174,06/Oct/2023,07:43:12
Venda - apartamento padrão,2,R$ 140.000,Mutondo,São Gonçalo,RJ,60m²,Renato Imóveis,22/08/2023,https://rj.olx.com.br/rio-de-janeiro-e-regiao/imoveis/apartamento-2-quartos-ao-lado-do-guanabara-sg-1197485263,06/Oct/2023,07:43:12
Venda - apartamento padrão,2,R$ 170.000,Mutondo,São Gonçalo,RJ,62m²,Rosa Imóveis,27/07/2023,https://rj.olx.com.br/rio-de-janeiro-e-regiao/imoveis/apartamento-para-venda-tem-62-metros-quadrados-com-2-quartos-1215219130,06/Oct/2023,07:43:12
Venda - casa em rua pública,2,R$ 150.000,Mutondo,São Gonçalo,RJ,62m²,Natália Moura,13/07/2023,https://rj.olx.com.br/rio-de-janeiro-e-regiao/imoveis/alugo-ou-vendo-casa-02-quartos-no-mutondo-sao-goncalo-rj-1209769287,06/Oct/2023,07:43:12
Venda - apartamento padrão,2,R$ 240.000,Mutondo,São Gonçalo,RJ,10m²,OPEN HOUSE,22/07/2023,https://rj.olx.com.br/rio-de-janeiro-e-regiao/imoveis/open-house-vende-condominio-vivendas-de-alfredo-backer-1213325141,06/Oct/2023,07:43:12
Venda - apartamento padrão,2,R$ 135.000,Mutondo,São Gonçalo,RJ,60m²,Marcio Luis Pinto da Silva,03/08/2023,https://rj.olx.com.br/rio-de-janeiro-e-regiao/imoveis/apartamento-para-venda-com-2-quartos-em-mutondo-sao-goncalo-rj-1217890824,06/Oct/2023,07:43:12
Venda - apartamento padrão,2,R$ 240.000,Mutondo,São Gonçalo,RJ,60m²,Realiza Imóveis,04/08/2023,https://rj.olx.com.br/rio-de-janeiro-e-regiao/imoveis/apartamento-com-02-dormitorios-venda-por-r-240-000-00-alcantara-sg-1218455777,06/Oct/2023,07:43:13
Venda - casa em rua pública,3,R$ 550.000,Mutondo,São Gonçalo,RJ,350m²,OPEN HOUSE,24/06/2023,https://rj.olx.com.br/rio-de-janeiro-e-regiao/imoveis/open-house-vende-casa-linear-3-quartos-no-mutondo-sg-1201877206,06/Oct/2023,07:43:13
Venda - apartamento padrão,2,R$ 200.000,Mutondo,São Gonçalo,RJ,60m²,Natália Moura,26/06/2023,https://rj.olx.com.br/rio-de-janeiro-e-regiao/imoveis/vendo-apartamento-2-quartos-no-mutondo-sao-goncalo-rj-1202801050,06/Oct/2023,07:43:13
Venda - apartamento padrão,2,R$ 320.000,Mutondo,São Gonçalo,RJ,70m²,PRIME IMÓVEIS,04/08/2023,https://rj.olx.com.br/rio-de-janeiro-e-regiao/imoveis/apartamento-com-2-dormitorios-a-venda-70-m-por-r-320-000-00-mutondo-sao-goncalo-rj-1218336806,06/Oct/2023,07:43:13
Venda - apartamento padrão,2,R$ 220.000,Mutondo,São Gonçalo,RJ,60m²,KIFFER Imobiliária - 2,14/05/2023,https://rj.olx.com.br/rio-de-janeiro-e-regiao/imoveis/apartamento-com-2-dormitorios-a-venda-60-m-por-r-220-000-00-mutondo-sao-goncalo-rj-1185126925,06/Oct/2023,07:43:13
Venda - casa em rua pública,4,R$ 350.000,Mutondo,São Gonçalo,RJ,120m²,Realiza Imóveis,30/06/2023,https://rj.olx.com.br/rio-de-janeiro-e-regiao/imoveis/casa-com-04-dormitorios-venda-por-r-350-000-00-antonina-sg-1204368804,06/Oct/2023,07:43:13
Venda - apartamento padrão,2,R$ 130.000,Mutondo,São Gonçalo,RJ,64m²,Bower Consultoria Imobiliária,04/07/2023,https://rj.olx.com.br/rio-de-janeiro-e-regiao/imoveis/apartamento-com-2-dormitorios-a-venda-64-m-por-r-130-000-00-mutondo-sao-goncalo-rj-1205938264,06/Oct/2023,07:43:13
Venda - casa em rua pública,2,R$ 260.000,Mutondo,São Gonçalo,RJ,,RC IMOVEIS,24/07/2023,https://rj.olx.com.br/rio-de-janeiro-e-regiao/imoveis/r67-excelente-casa-com-02-quartos-em-mutondo-sao-goncalo-confira-1214155513,06/Oct/2023,07:43:13
Venda - apartamento padrão,2,R$ 220.000,Mutondo,São Gonçalo,RJ,78m²,Jeferson Lima,18/07/2023,https://rj.olx.com.br/rio-de-janeiro-e-regiao/imoveis/apartamento-para-venda-tem-78-metros-quadrados-com-2-quartos-em-mutondo-sao-goncalo-rj-1211792429,06/Oct/2023,07:43:13
Venda - apartamento padrão,2,R$ 250.000,Mutondo,São Gonçalo,RJ,72m²,PROCURADORIA SANTA CECÍLIA,27/07/2023,https://rj.olx.com.br/rio-de-janeiro-e-regiao/imoveis/apartamento-para-aluguel-ou-venda-com-72-metros-quadrados-com-2-quartos-1215496322,06/Oct/2023,07:43:13
Venda - apartamento padrão,2,R$ 270.000,Mutondo,São Gonçalo,RJ,60m²,Realiza Imóveis,15/06/2023,https://rj.olx.com.br/rio-de-janeiro-e-regiao/imoveis/apartamento-com-02-dormitorios-para-venda-por-r-270-000-00-colubande-sg-1198177769,06/Oct/2023,07:43:13
Venda - apartamento padrão,2,R$ 138.000,Mutondo,São Gonçalo,RJ,65m²,SABINO IMÓVEIS,30/07/2023,https://rj.olx.com.br/rio-de-janeiro-e-regiao/imoveis/mutondo-apt-2-quartos-imperdivel-1216298966,06/Oct/2023,07:43:13
Venda - apartamento padrão,2,R$ 155.000,Mutondo,São Gonçalo,RJ,46m²,Bower Consultoria Imobiliária,08/06/2023,https://rj.olx.com.br/rio-de-janeiro-e-regiao/imoveis/apartamento-a-venda-46-m-por-r-155-000-00-colubande-sao-goncalo-rj-1195499103,06/Oct/2023,07:43:13
Venda - apartamento padrão,2,R$ 255.000,Mutondo,São Gonçalo,RJ,72m²,RE/MAX Grand One,28/07/2023,https://rj.olx.com.br/rio-de-janeiro-e-regiao/imoveis/apartamento-02-dorm-em-mutondo--sao-goncalo-rj-1215801068,06/Oct/2023,07:43:13
Venda - apartamento padrão,2,R$ 237.000,Mutondo,São Gonçalo,RJ,60m²,Brasil Imóveis BR,17/07/2023,https://rj.olx.com.br/rio-de-janeiro-e-regiao/imoveis/210-excelente-apartamento-no-alcantara-i-sao-goncalo-1211327345,06/Oct/2023,07:43:13
Venda - apartamento padrão,2,R$ 175.000,Mutondo,São Gonçalo,RJ,46m²,PEREIRA MELO,07/06/2023,https://rj.olx.com.br/rio-de-janeiro-e-regiao/imoveis/apartamento-vazio-andar-baixo-proximo-ao-supermarket-do-mutondo-ac-carta-1195327616,06/Oct/2023,07:43:13
Venda - apartamento padrão,2,R$ 230.000,Mutondo,São Gonçalo,RJ,60m²,OPEN HOUSE,28/06/2023,https://rj.olx.com.br/rio-de-janeiro-e-regiao/imoveis/open-house-vende-imovel-1-quartos-em-condominio-residencial-em-alcantara-2-1203468230,06/Oct/2023,07:43:13
Venda - apartamento padrão,2,R$ 175.000,Mutondo,São Gonçalo,RJ,60m²,celiaimoveiscontato,20/07/2023,https://rj.olx.com.br/rio-de-janeiro-e-regiao/imoveis/apto-2-qrts-alcantara-sao-goncalo-1212810444,06/Oct/2023,07:43:13
Venda - apartamento padrão,2,R$ 115.000,Mutondo,São Gonçalo,RJ,10m²,OPEN HOUSE,01/07/2023,https://rj.olx.com.br/rio-de-janeiro-e-regiao/imoveis/open-house-vende-imovel-2-quatro-no-mutondo-sao-goncalo-1204998301,06/Oct/2023,07:43:13
Venda - apartamento padrão,2,R$ 175.000,Mutondo,São Gonçalo,RJ,60m²,OPEN HOUSE,23/06/2023,https://rj.olx.com.br/rio-de-janeiro-e-regiao/imoveis/apartamento-a-venda-1201463648,06/Oct/2023,07:43:13
Venda - casa em rua pública,2,R$ 260.000,Mutondo,São Gonçalo,RJ,,RC IMOVEIS,19/07/2023,https://rj.olx.com.br/rio-de-janeiro-e-regiao/imoveis/r67-excelente-casa-em-mutondo-sao-goncalo--confira-1212261686,06/Oct/2023,07:43:13
Venda - casa em rua pública,1,R$ 170.000,Mutondo,São Gonçalo,RJ,,RC IMOVEIS,24/07/2023,https://rj.olx.com.br/rio-de-janeiro-e-regiao/imoveis/r86-oportunidade-de-casa-com-01-quarto-em-mutondo-sao-goncalo-1214133449,06/Oct/2023,07:43:13
Venda - casa em rua pública,4,R$ 280.000,Mutondo,São Gonçalo,RJ,140m²,João,07/08/2023,https://rj.olx.com.br/rio-de-janeiro-e-regiao/imoveis/casa-duplex-1219578508,06/Oct/2023,07:43:13
Venda - casa em rua pública,2,R$ 280.000,Mutondo,São Gonçalo,RJ,70m²,Marcio Luis Pinto da Silva,22/06/2023,https://rj.olx.com.br/rio-de-janeiro-e-regiao/imoveis/mutondo-casas-duplex-1201047199,06/Oct/2023,07:43:13
Venda - casa em rua pública,3,R$ 460.000,Mutondo,São Gonçalo,RJ,112m²,AMIM IMÓVEIS,21/07/2023,https://rj.olx.com.br/rio-de-janeiro-e-regiao/imoveis/casa-de-2-quartos-a-venda-no-mutondo-sao-goncalo-1212998328,06/Oct/2023,07:43:13
Venda - apartamento padrão,2,R$ 185.000,Mutondo,São Gonçalo,RJ,60m²,Bower Consultoria Imobiliária,22/07/2023,https://rj.olx.com.br/rio-de-janeiro-e-regiao/imoveis/apartamento-a-venda-60-m-por-r-185-000-00-alcantara-sao-goncalo-rj-1213291318,06/Oct/2023,07:43:13
Venda - apartamento padrão,2,R$ 138.000,Mutondo,São Gonçalo,RJ,60m²,SABINO IMÓVEIS,22/05/2023,https://rj.olx.com.br/rio-de-janeiro-e-regiao/imoveis/mutondo-apt-2-quartos-confira-1188378193,06/Oct/2023,07:43:13
Venda - apartamento padrão,2,R$ 250.000,Mutondo,São Gonçalo,RJ,55m²,Kiffer - Maricá,11/07/2023,https://rj.olx.com.br/rio-de-janeiro-e-regiao/imoveis/apartamento-com-2-quartos-a-venda-52-m-por-r-250-000-00-1209053790,06/Oct/2023,07:43:13
Venda - apartamento padrão,2,R$ 165.000,Mutondo,São Gonçalo,RJ,45m²,OPEN HOUSE,30/06/2023,https://rj.olx.com.br/rio-de-janeiro-e-regiao/imoveis/apartamento-a-venda-1204380401,06/Oct/2023,07:43:13
Venda - casa em rua pública,4,R$ 450.000,Mutondo,São Gonçalo,RJ,170m²,AMIM IMÓVEIS,06/07/2023,https://rj.olx.com.br/rio-de-janeiro-e-regiao/imoveis/casa-com-4-quartos-a-venda-170-m-por-r-450-000-mutondo-sao-goncalo-rj-1206875012,06/Oct/2023,07:43:13
Venda - apartamento padrão,2,R$ 220.000,Mutondo,São Gonçalo,RJ,60m²,Kiffer Ferreira Imóveis- 1,10/05/2023,https://rj.olx.com.br/rio-de-janeiro-e-regiao/imoveis/apartamento-com-2-dormitorios-a-venda-60-m-por-r-220-000-00-mutondo-sao-goncalo-rj-1183356327,06/Oct/2023,07:43:13
Venda - apartamento padrão,2,R$ 190.000,Mutondo,São Gonçalo,RJ,60m²,Antonio Gonçalves,26/05/2023,https://rj.olx.com.br/rio-de-janeiro-e-regiao/imoveis/apartamento-para-venda-com-60-metros-quadrados-com-2-quartos-em-mutondo-sao-goncalo-rj-1190587400,06/Oct/2023,07:43:13
Venda - casa em rua pública,2,R$ 279.999,Mutondo,São Gonçalo,RJ,75m²,Marcio Luis Pinto da Silva,08/08/2023,https://rj.olx.com.br/rio-de-janeiro-e-regiao/imoveis/casas-duplex-mutondo-1219950854,06/Oct/2023,07:43:13
Venda - casa em rua pública,4,R$ 790.000,Mutondo,São Gonçalo,RJ,127m²,SPIN Jardim Icaraí,06/08/2023,https://rj.olx.com.br/rio-de-janeiro-e-regiao/imoveis/casa-com-4-dormitorios-a-venda-127-m-por-r-790-000-00-mutondo-sao-goncalo-rj-1219042164,06/Oct/2023,07:43:14
Venda - apartamento padrão,2,R$ 105.000,Mutondo,São Gonçalo,RJ,45m²,Marcio Luis Pinto da Silva,22/05/2023,https://rj.olx.com.br/rio-de-janeiro-e-regiao/imoveis/apartamento-para-venda-com-45-metros-quadrados-com-2-quartos-em-mutondo-sao-goncalo-rj-1188530144,06/Oct/2023,07:43:14
Venda - casa em rua pública,1,R$ 1.200.000,Mutondo,São Gonçalo,RJ,425m²,BEATRIZ ALMEIDA - CORRETORA DE IMOVEIS E SERVICOS IMOBILIARIOS LTDA. - ME,17/04/2023,https://rj.olx.com.br/rio-de-janeiro-e-regiao/imoveis/grande-oportunidade-um-lindo-salao-de-festas-em-sao-goncalo-1124006464,06/Oct/2023,07:43:15
Venda - apartamento padrão,2,R$ 180.000,Mutondo,São Gonçalo,RJ,75m²,FRANCISCO EGITO,13/04/2023,https://rj.olx.com.br/rio-de-janeiro-e-regiao/imoveis/apartamento-com-2-dormitorios-a-venda-75-m-por-r-180-000-00-mutondo-sao-goncalo-rj-1141695241,06/Oct/2023,07:43:15
Venda - apartamento padrão,2,R$ 148.000,Mutondo,São Gonçalo,RJ,111m²,LC Assessoria Imobiliária,16/04/2023,https://rj.olx.com.br/rio-de-janeiro-e-regiao/imoveis/venda-casa-mutondo-1057577401,06/Oct/2023,07:43:15
Venda - apartamento padrão,2,R$ 105.000,Mutondo,São Gonçalo,RJ,48m²,Marcio Luis Pinto da Silva,09/05/2023,https://rj.olx.com.br/rio-de-janeiro-e-regiao/imoveis/mutondo-2-quartos-barato-1183258331,06/Oct/2023,07:43:15
Venda - apartamento padrão,2,R$ 120.000,Mutondo,São Gonçalo,RJ,57m²,Magnaldo Ribeiro da Silva,14/04/2023,https://rj.olx.com.br/rio-de-janeiro-e-regiao/imoveis/apartamento-para-venda-possui-57-metros-quadrados-com-2-quartos-em-mutondo-sao-goncalo-1057634444,06/Oct/2023,07:43:15
Venda - casa em rua pública,2,R$ 380.000,Mutondo,São Gonçalo,RJ,94m²,Lograr Imóveis.,14/04/2023,https://rj.olx.com.br/rio-de-janeiro-e-regiao/imoveis/excelente-casa-no-mutondo-com-118m-sala-em-2-ambientes-2-quartos-1-suite-e-churrasqu-1146689252,06/Oct/2023,07:43:15
Venda - apartamento padrão,2,R$ 190.000,Mutondo,São Gonçalo,RJ,55m²,ASSET IMÓVEIS,11/04/2023,https://rj.olx.com.br/rio-de-janeiro-e-regiao/imoveis/asset-imoveis-vende-apartamento-com-2-dormitorios-55m-por-r-190-000-alcantara-sao-1126363645,06/Oct/2023,07:43:15
Venda - apartamento padrão,2,R$ 175.000,Mutondo,São Gonçalo,RJ,57m²,HOM3 IMOBILIÁRIA,11/04/2023,https://rj.olx.com.br/rio-de-janeiro-e-regiao/imoveis/apartamento-com-2-dormitorios-a-venda-57-m-por-r-175-000-00-mutondo-sao-goncalo-rj-1171344815,06/Oct/2023,07:43:15
Venda - casa em rua pública,2,R$ 200.000,Mutondo,São Gonçalo,RJ,120m²,Fátima Santos,14/04/2023,https://rj.olx.com.br/rio-de-janeiro-e-regiao/imoveis/casa-sobrado-120m-com-2-quartos-em-mutondo-sao-goncalo-rj-987444328,06/Oct/2023,07:43:15
Venda - apartamento padrão,2,R$ 250.000,Mutondo,São Gonçalo,RJ,72m²,Fabiano Lourenço,09/04/2023,https://rj.olx.com.br/rio-de-janeiro-e-regiao/imoveis/alcantara-perto-de-tudo-lindo-apt-so-r-250-000-00-ac-caixa-1100022567,06/Oct/2023,07:43:15
Venda - apartamento padrão,2,R$ 200.000,Mutondo,São Gonçalo,RJ,60m²,Bower Consultoria Imobiliária,11/04/2023,https://rj.olx.com.br/rio-de-janeiro-e-regiao/imoveis/apartamento-a-venda-60-m-por-r-200-000-00-alcantara-sao-goncalo-rj-1171591077,06/Oct/2023,07:43:15
Venda - apartamento padrão,2,R$ 250.000,Mutondo,São Gonçalo,RJ,62m²,Rosa Imóveis,12/04/2023,https://rj.olx.com.br/rio-de-janeiro-e-regiao/imoveis/apartamento-para-venda-com-2-quartos-mutondo-sao-goncalo-rj-1047835093,06/Oct/2023,07:43:15
Venda - apartamento padrão,2,R$ 130.000,Mutondo,São Gonçalo,RJ,50m²,MARCELO MEDINA NEGOCIOS IMOBILIARIOS LTDA - ME,10/04/2023,https://rj.olx.com.br/rio-de-janeiro-e-regiao/imoveis/apartamento-mutondo-985145967,06/Oct/2023,07:43:15
Venda - casa em rua pública,3,R$ 390.000,Antonina,São Gonçalo,RJ,120m²,Robson Santos de Azevedo,10/04/2023,https://rj.olx.com.br/rio-de-janeiro-e-regiao/imoveis/linda-casa-3-quartos-com-piscina-e-area-gourmet-oportunidade-1027268710,06/Oct/2023,07:43:15
Venda - apartamento padrão,2,R$ 185.000,Mutondo,São Gonçalo,RJ,65m²,Bower Consultoria Imobiliária,11/04/2023,https://rj.olx.com.br/rio-de-janeiro-e-regiao/imoveis/apartamento-a-venda-65-m-por-r-185-000-00-colubande-sao-goncalo-rj-1171590298,06/Oct/2023,07:43:15
Venda - casa em rua pública,2,R$ 380.000,Antonina,São Gonçalo,RJ,100m²,Marcio Luis Pinto da Silva,25/04/2023,https://rj.olx.com.br/rio-de-janeiro-e-regiao/imoveis/casa-2-quartos-no-bairro-antonina-sao-goncalo-rj-1177325842,06/Oct/2023,07:43:15
Venda - apartamento padrão,2,R$ 110.000,Mutondo,São Gonçalo,RJ,58m²,Jordelio Imóveis,15/04/2023,https://rj.olx.com.br/rio-de-janeiro-e-regiao/imoveis/apartamento-de-2-quartos-mutondo-sao-goncalo-rj-1141593862,06/Oct/2023,07:43:15
Venda - apartamento padrão,2,R$ 215.000,Mutondo,São Gonçalo,RJ,65m²,Herval Costa,10/04/2023,https://rj.olx.com.br/rio-de-janeiro-e-regiao/imoveis/apartamento-para-venda-possui-65-metros-quadrados-com-2-quartos-em-mutondo-sao-goncalo-1070499743,06/Oct/2023,07:43:15
Venda - casa em rua pública,3,R$ 265.000,Mutondo,São Gonçalo,RJ,130m²,Cupulille Negócios imobiliários,14/04/2023,https://rj.olx.com.br/rio-de-janeiro-e-regiao/imoveis/casa-a-venda-130-m-por-r-265-000-00-mutondo-sao-goncalo-rj-1049692860,06/Oct/2023,07:43:15
Venda - casa em rua pública,3,R$ 230.000,Mutondo,São Gonçalo,RJ,95m²,Almir Ribeiro,10/04/2023,https://rj.olx.com.br/rio-de-janeiro-e-regiao/imoveis/otima-oportunidade-vende-casa-3-qtos-sao-goncalo-no-bairro-mutondo-1139600043,06/Oct/2023,07:43:15
Venda - casa em condominio fechado,2,R$ 225.000,Mutondo,São Gonçalo,RJ,50m²,Marcio Luis Pinto da Silva,09/05/2023,https://rj.olx.com.br/rio-de-janeiro-e-regiao/imoveis/casa-terrea-frente-guanabara-1183154888,06/Oct/2023,07:43:15
Venda - casa em rua pública,2,R$ 550.000,Mutondo,São Gonçalo,RJ,276m²,PEREIRA MELO,09/04/2023,https://rj.olx.com.br/rio-de-janeiro-e-regiao/imoveis/magnifica-casa-triplex-junto-ao-banco-itau-de-nova-cidade-1033476626,06/Oct/2023,07:43:15
Venda - apartamento padrão,2,R$ 150.000,Mutondo,São Gonçalo,RJ,48m²,Grupo Procuradoria,08/04/2023,https://rj.olx.com.br/rio-de-janeiro-e-regiao/imoveis/apartamento-com-2-dormitorios-a-venda-48-m-por-r-150-000-00-mutondo-sao-goncalo-rj-990853805,06/Oct/2023,07:43:15
Venda - apartamento padrão,2,R$ 165.000,Mutondo,São Gonçalo,RJ,65m²,OLIMAR ADMINISTRAÇÃO DE IMÓVEIS LIMITADA,14/04/2023,https://rj.olx.com.br/rio-de-janeiro-e-regiao/imoveis/apartamento-para-venda-com-65-metros-quadrados-com-2-quartos-em-mutondo-sao-goncalo-rj-1143965487,06/Oct/2023,07:43:15
Venda - apartamento padrão,2,R$ 160.000,Mutondo,São Gonçalo,RJ,62m²,Bower Consultoria Imobiliária,11/04/2023,https://rj.olx.com.br/rio-de-janeiro-e-regiao/imoveis/apartamento-com-2-dormitorios-a-venda-62-m-por-r-160-000-00-alcantara-sao-goncalo-r-1171590204,06/Oct/2023,07:43:15
Venda - casa em rua pública,3,R$ 550.000,Rocha,São Gonçalo,RJ,240m²,CELSO IMÓVEIS,15/04/2023,https://rj.olx.com.br/rio-de-janeiro-e-regiao/imoveis/casa-para-aluguel-e-venda-tem-240-metros-quadrados-com-3-quartos-em-rocha-sao-goncalo-988899691,06/Oct/2023,07:43:15
Venda - casa em rua pública,4,R$ 280.000,Mutondo,São Gonçalo,RJ,150m²,CONTACTO IMÓVEIS,08/04/2023,https://rj.olx.com.br/rio-de-janeiro-e-regiao/imoveis/casa-duplex-mutondo-4-quartos-varanda-garagem-perto-da-padaria-stelamar-1049754973,06/Oct/2023,07:43:15
Venda - casa em rua pública,3,R$ 300.000,Mutondo,São Gonçalo,RJ,900000m²,LC Assessoria Imobiliária,10/04/2023,https://rj.olx.com.br/rio-de-janeiro-e-regiao/imoveis/casa-no-mutondo-com-3-quartos-prox-ao-mercado-inter-continental-1023560489,06/Oct/2023,07:43:15
Venda - casa em rua pública,2,R$ 250.000,Mutondo,São Gonçalo,RJ,120m²,Jordelio Imóveis,12/04/2023,https://rj.olx.com.br/rio-de-janeiro-e-regiao/imoveis/casa-de-02-quartos-mutondo-sao-goncalo-rj-1022264848,06/Oct/2023,07:43:15
Venda - apartamento padrão,2,R$ 280.000,Rocha,São Gonçalo,RJ,94m²,PEREIRA MELO,12/04/2023,https://rj.olx.com.br/rio-de-janeiro-e-regiao/imoveis/amplo-apartamento-vazio-atras-do-itau-do-rocha-994704858,06/Oct/2023,07:43:15
Venda - apartamento padrão,2,R$ 280.000,Mutondo,São Gonçalo,RJ,70m²,Rutileia Imóveis,25/04/2023,https://rj.olx.com.br/rio-de-janeiro-e-regiao/imoveis/apartamento-para-venda-parque-das-florestas-mutondo-sao-goncalo-rj-1177309978,06/Oct/2023,07:43:15
Venda - casa em condominio fechado,2,R$ 250.000,Mutondo,São Gonçalo,RJ,49m²,Movv Inteligência Imobiliária,16/05/2023,https://rj.olx.com.br/rio-de-janeiro-e-regiao/imoveis/casa-com-2-dormitorios-a-venda-49-m-por-r-250-000-00-mutondo-sao-goncalo-rj-1185734897,06/Oct/2023,07:43:15
Venda - apartamento padrão,2,R$ 204.000,Mutondo,São Gonçalo,RJ,56m²,Tem Imóveis,09/04/2023,https://rj.olx.com.br/rio-de-janeiro-e-regiao/imoveis/mutondo-2-quartos-varanda-estacionamento-excelente-localizacao-sao-goncalo-1116116823,06/Oct/2023,07:43:15
Venda - apartamento padrão,2,R$ 190.000,Mutondo,São Gonçalo,RJ,64m²,Bower Consultoria Imobiliária,10/04/2023,https://rj.olx.com.br/rio-de-janeiro-e-regiao/imoveis/apartamento-a-venda-64-m-por-r-190-000-00-trindade-sao-goncalo-rj-1146907394,06/Oct/2023,07:43:15
Venda - apartamento padrão,2,R$ 210.000,Mutondo,São Gonçalo,RJ,62m²,Bower Consultoria Imobiliária,11/04/2023,https://rj.olx.com.br/rio-de-janeiro-e-regiao/imoveis/apartamento-a-venda-62-m-por-r-210-000-00-alcantara-sao-goncalo-rj-1171589843,06/Oct/2023,07:43:15
Venda - apartamento padrão,2,R$ 200.000,Mutondo,São Gonçalo,RJ,60m²,SABINO IMÓVEIS,10/04/2023,https://rj.olx.com.br/rio-de-janeiro-e-regiao/imoveis/mutondo-apartamento-reformado-2-quartos-1100600741,06/Oct/2023,07:43:15
Venda - casa em rua pública,4,R$ 750.000,Mutondo,São Gonçalo,RJ,360m²,MJ IMÓVEIS,11/04/2023,https://rj.olx.com.br/rio-de-janeiro-e-regiao/imoveis/casa-a-venda-360-m-por-r-750-000-00-mutondo-sao-goncalo-rj-1015215111,06/Oct/2023,07:43:15
Venda - casa em rua pública,3,R$ 550.000,Antonina,São Gonçalo,RJ,200m²,Fabiano Lourenço,14/04/2023,https://rj.olx.com.br/rio-de-janeiro-e-regiao/imoveis/nova-cidade-casa-var-03-qt-s-03-vagas-r-550-000-00-1090442678,06/Oct/2023,07:43:16
Venda - apartamento padrão,2,R$ 189.000,Mutondo,São Gonçalo,RJ,70m²,Brasil Imóveis BR,03/05/2023,https://rj.olx.com.br/rio-de-janeiro-e-regiao/imoveis/390-excelente-apartamento-em-alcantara-sao-goncalo-1180683339,06/Oct/2023,07:43:16
Venda - casa em rua pública,4,R$ 310.000,Rocha,São Gonçalo,RJ,79m²,Marcio Luis Pinto da Silva,23/02/2023,https://rj.olx.com.br/rio-de-janeiro-e-regiao/imoveis/casa-com-4-quartos-em-mutondo-sao-goncalo-rj-1150683455,06/Oct/2023,07:43:16
Venda - casa em rua pública,2,R$ 345.000,Mutondo,São Gonçalo,RJ,189m²,SABINO IMÓVEIS,21/02/2023,https://rj.olx.com.br/rio-de-janeiro-e-regiao/imoveis/mutondo-duplex-189m2-2-quartos-enormes-c-closet-3-banheiros-terraco-1018324242,06/Oct/2023,07:43:16
Venda - apartamento padrão,2,R$ 149.000,Mutondo,São Gonçalo,RJ,999m²,LC Assessoria Imobiliária,14/04/2023,https://rj.olx.com.br/rio-de-janeiro-e-regiao/imoveis/apartamento-na-av-marica-proximo-ao-guanabara-1021717321,06/Oct/2023,07:43:16
Venda - apartamento padrão,2,R$ 190.000,Antonina,São Gonçalo,RJ,70m²,TORRES ADMINISTRACAO DE IMOVEIS LTDA - ME,12/01/2023,https://rj.olx.com.br/rio-de-janeiro-e-regiao/imoveis/apartamento-2-quartos-e-garagem-bairro-antonina-1132629325,06/Oct/2023,07:43:17
Venda - apartamento padrão,2,R$ 230.000,Mutondo,São Gonçalo,RJ,70m²,Brasil Brokers Loja Região Oceânica,09/03/2023,https://rj.olx.com.br/rio-de-janeiro-e-regiao/imoveis/sao-goncalo-apartamento-padrao-mutondo-925575611,06/Oct/2023,07:43:17
Venda - casa em rua pública,3,R$ 350.000,Mutondo,São Gonçalo,RJ,94m²,FRANCISCO EGITO,06/04/2023,https://rj.olx.com.br/rio-de-janeiro-e-regiao/imoveis/casa-com-3-dormitorios-a-venda-94-m-por-r-350-000-00-mutondo-sao-goncalo-rj-1155616251,06/Oct/2023,07:43:17
Venda - apartamento padrão,2,R$ 215.000,Mutondo,São Gonçalo,RJ,70m²,Realiza Imóveis,20/09/2022,https://rj.olx.com.br/rio-de-janeiro-e-regiao/imoveis/apartamento-com-02-dormitorios-venda-por-r-215-000-00-mutondo-sao-goncalo-1086480467,06/Oct/2023,07:43:17
Venda - apartamento padrão,3,R$ 230.000,Mutondo,São Gonçalo,RJ,82m²,SPIN Jardim Icaraí,03/12/2022,https://rj.olx.com.br/rio-de-janeiro-e-regiao/imoveis/apartamento-com-3-dormitorios-a-venda-82-m-por-r-230-000-00-centro-sao-goncalo-rj-1117190638,06/Oct/2023,07:43:17
Venda - apartamento padrão,2,R$ 169.900,Mutondo,São Gonçalo,RJ,60m²,PEREIRA MELO,28/03/2023,https://rj.olx.com.br/rio-de-janeiro-e-regiao/imoveis/apartamento-para-venda-mutondo-sao-goncalo-60m-1-vaga-1026919553,06/Oct/2023,07:43:17
Venda - casa em rua pública,2,R$ 310.000,Mutondo,São Gonçalo,RJ,79m²,Realiza Imóveis,29/10/2022,https://rj.olx.com.br/rio-de-janeiro-e-regiao/imoveis/casa-com-2-quartos-venda-por-r-310-000-00-mutondo-sao-goncalo-rj-1103200371,06/Oct/2023,07:43:17
Venda - casa em rua pública,2,R$ 480.000,Mutondo,São Gonçalo,RJ,147m²,Bower Consultoria Imobiliária,12/12/2022,https://rj.olx.com.br/rio-de-janeiro-e-regiao/imoveis/casa-a-venda-147-m-por-r-480-000-00-mutondo-sao-goncalo-rj-1083504390,06/Oct/2023,07:43:17
Venda - apartamento padrão,2,R$ 210.000,Mutondo,São Gonçalo,RJ,65m²,Izaias Miranda,21/03/2023,https://rj.olx.com.br/rio-de-janeiro-e-regiao/imoveis/apto-no-centro-de-alcantara-em-frente-ao-carrefour-1020492687,06/Oct/2023,07:43:17
Venda - apartamento padrão,2,R$ 189.000,Mutondo,São Gonçalo,RJ,70m²,Bower Consultoria Imobiliária,11/02/2023,https://rj.olx.com.br/rio-de-janeiro-e-regiao/imoveis/apartamento-com-2-dormitorios-a-venda-70-m-por-r-189-000-00-alcantara-sao-goncalo-r-1111614397,06/Oct/2023,07:43:17
Venda - apartamento padrão,2,R$ 230.000,Mutondo,São Gonçalo,RJ,60m²,Realiza Imóveis,21/12/2022,https://rj.olx.com.br/rio-de-janeiro-e-regiao/imoveis/apartamento-com-02-dormitorios-venda-por-r-230-000-00-mutondo-sao-goncalo-1124294673,06/Oct/2023,07:43:17
Venda - apartamento padrão,2,R$ 200.000,Mutondo,São Gonçalo,RJ,57m²,Bower Consultoria Imobiliária,05/04/2023,https://rj.olx.com.br/rio-de-janeiro-e-regiao/imoveis/apartamento-a-venda-57-m-por-r-210-000-00-colubande-sao-goncalo-rj-1057002066,06/Oct/2023,07:43:17
Venda - apartamento padrão,2,R$ 155.000,Mutondo,São Gonçalo,RJ,60m²,Bower Consultoria Imobiliária,23/11/2022,https://rj.olx.com.br/rio-de-janeiro-e-regiao/imoveis/apartamento-a-venda-60-m-por-r-155-000-00-alcantara-sao-goncalo-rj-1085953970,06/Oct/2023,07:43:17
Venda - casa em rua pública,3,R$ 479.999,Mutondo,São Gonçalo,RJ,136m²,Marcio Luis Pinto da Silva,17/03/2023,https://rj.olx.com.br/rio-de-janeiro-e-regiao/imoveis/casa-para-venda-com-3-quartos-em-mutondo-sao-goncalo-rj-1160580200,06/Oct/2023,07:43:17
Venda - apartamento padrão,2,R$ 249.000,Mutondo,São Gonçalo,RJ,72m²,Araújo Imóveis,14/09/2022,https://rj.olx.com.br/rio-de-janeiro-e-regiao/imoveis/apartamento-para-venda-tem-72m-com-2-quartos-em-mutondo-sao-goncalo-rj-1084265967,06/Oct/2023,07:43:17
Venda - apartamento padrão,2,R$ 230.000,Mutondo,São Gonçalo,RJ,70m²,Bower Consultoria Imobiliária,30/01/2023,https://rj.olx.com.br/rio-de-janeiro-e-regiao/imoveis/apartamento-com-2-dormitorios-70-m-venda-por-r-230-000-00-ou-aluguel-por-r-1-385-00-1108681689,06/Oct/2023,07:43:17
Venda - apartamento padrão,2,R$ 150.000,Mutondo,São Gonçalo,RJ,70m²,Realiza Imóveis,22/09/2022,https://rj.olx.com.br/rio-de-janeiro-e-regiao/imoveis/apartamento-2-quartos-venda-por-r-150-000-00-mutondo-alcantara-1087500897,06/Oct/2023,07:43:17
Venda - casa em rua pública,3,R$ 480.000,Mutondo,São Gonçalo,RJ,70m²,Marcio Luis Pinto da Silva,27/03/2023,https://rj.olx.com.br/rio-de-janeiro-e-regiao/imoveis/casa-com-3-quartos-em-mutondo-sao-goncalo-rj-1164539457,06/Oct/2023,07:43:17
Venda - apartamento padrão,2,R$ 220.000,Mutondo,São Gonçalo,RJ,55m²,Realiza Imóveis,15/10/2022,https://rj.olx.com.br/rio-de-janeiro-e-regiao/imoveis/apartamento-com-02-quartos-venda-por-r-220-000-00-colubande-sg-1097085242,06/Oct/2023,07:43:17
Venda - apartamento padrão,2,R$ 170.000,Mutondo,São Gonçalo,RJ,70m²,Marcio Luis Pinto da Silva,20/03/2023,https://rj.olx.com.br/rio-de-janeiro-e-regiao/imoveis/apartamento-com-2-quartos-em-mutondo-sao-goncalo-rj-1161681256,06/Oct/2023,07:43:17
Venda - apartamento padrão,2,R$ 250.000,Mutondo,São Gonçalo,RJ,55m²,KIFFER Imobiliária - 2,25/10/2022,https://rj.olx.com.br/rio-de-janeiro-e-regiao/imoveis/apartamento-com-2-quartos-a-venda-52-m-por-r-250-000-00-1101574266,06/Oct/2023,07:43:17
Venda - apartamento padrão,1,R$ 173.900,Mutondo,São Gonçalo,RJ,34m²,CAC Engenharia,10/09/2022,https://rj.olx.com.br/rio-de-janeiro-e-regiao/imoveis/liberty-colubande-34-46m-1-quarto-sao-goncalo-rj-1082344228,06/Oct/2023,07:43:17
Venda - casa em condominio fechado,3,R$ 480.000,Mutondo,São Gonçalo,RJ,160m²,OPEN HOUSE,17/03/2023,https://rj.olx.com.br/rio-de-janeiro-e-regiao/imoveis/open-house-vende-excelente-casa-3-quartos-no-mutondo-toda-mobiliada-1160377420,06/Oct/2023,07:43:17
Venda - casa em rua pública,2,R$ 80.000,Itaoca,São Gonçalo,RJ,32m²,PROCURADORIA SANTA CECÍLIA,17/04/2023,https://rj.olx.com.br/rio-de-janeiro-e-regiao/imoveis/casa-para-venda-com-32-mts-com-2-quartos-em-itauna-sao-goncalo-rj-1061405837,06/Oct/2023,07:43:17
Venda - apartamento padrão,2,R$ 190.000,Mutondo,São Gonçalo,RJ,64m²,Brasil Imóveis BR,30/03/2023,https://rj.olx.com.br/rio-de-janeiro-e-regiao/imoveis/101-excelente-apartamento-no-centro-de-alcantara-sao-goncalo-1165975665,06/Oct/2023,07:43:17
Venda - apartamento padrão,2,R$ 200.000,Mutondo,São Gonçalo,RJ,70m²,FLORA IMOVEIS,06/02/2023,https://rj.olx.com.br/rio-de-janeiro-e-regiao/imoveis/apartamento-com-2-dormitorios-a-venda-70-m-por-r-200-000-00-mutondo-sao-goncalo-rj-1073451451,06/Oct/2023,07:43:17
Venda - casa em rua pública,3,R$ 600.000,Mutondo,São Gonçalo,RJ,77m²,Brasil Brokers Loja Região Oceânica,23/01/2023,https://rj.olx.com.br/rio-de-janeiro-e-regiao/imoveis/sao-goncalo-casa-padrao-mutondo-925576403,06/Oct/2023,07:43:17
Venda - apartamento padrão,2,R$ 190.000,Mutondo,São Gonçalo,RJ,60m²,Brasil Imóveis BR,24/03/2023,https://rj.olx.com.br/rio-de-janeiro-e-regiao/imoveis/1006-maravilhoso-apartamento-em-alcantara-sao-goncalo-1163632314,06/Oct/2023,07:43:17
Venda - apartamento padrão,2,R$ 250.000,Mutondo,São Gonçalo,RJ,55m²,Kiffer Ferreira Imóveis- 1,15/03/2023,https://rj.olx.com.br/rio-de-janeiro-e-regiao/imoveis/apartamento-com-2-quartos-a-venda-52-m-por-r-250-000-00-1101273672,06/Oct/2023,07:43:17
Venda - casa em rua pública,2,R$ 180.000,Mutondo,São Gonçalo,RJ,131m²,Bower Consultoria Imobiliária,25/01/2023,https://rj.olx.com.br/rio-de-janeiro-e-regiao/imoveis/casa-a-venda-131-m-por-r-180-000-00-mutondo-sao-goncalo-rj-1075275645,06/Oct/2023,07:43:17
Venda - apartamento padrão,2,R$ 200.000,Mutondo,São Gonçalo,RJ,62m²,Brasil Imóveis BR,24/03/2023,https://rj.olx.com.br/rio-de-janeiro-e-regiao/imoveis/1009-maravilhoso-apartamento-no-centro-de-alcantara-sao-goncalo-1163634447,06/Oct/2023,07:43:17
Venda - apartamento padrão,2,R$ 180.000,Mutondo,São Gonçalo,RJ,69m²,LH COSTA IMÓVEIS,06/03/2023,https://rj.olx.com.br/rio-de-janeiro-e-regiao/imoveis/apartamento-a-venda-69-m-por-r-180-000-00-mutondo-sao-goncalo-rj-1049259401,06/Oct/2023,07:43:17
Venda - casa em rua pública,3,R$ 270.000,Mutondo,São Gonçalo,RJ,80m²,Marcio Luis Pinto da Silva,12/04/2023,https://rj.olx.com.br/rio-de-janeiro-e-regiao/imoveis/casa-com-3-quartos-em-mutondo-sao-goncalo-rj-1172038608,06/Oct/2023,07:43:17
Venda - apartamento padrão,2,R$ 230.000,Mutondo,São Gonçalo,RJ,55m²,Marcio Luis Pinto da Silva,30/03/2023,https://rj.olx.com.br/rio-de-janeiro-e-regiao/imoveis/apartamento-padrao-em-sao-goncalo-mutondo-1165928733,06/Oct/2023,07:43:17
Venda - apartamento padrão,2,R$ 155.000,Mutondo,São Gonçalo,RJ,55m²,FCosta Consultoria Imobiliaria,01/11/2022,https://rj.olx.com.br/rio-de-janeiro-e-regiao/imoveis/apartamento-para-venda-com-55-metros-quadrados-com-2-quartos-em-mutondo-sao-goncalo-rj-1104382459,06/Oct/2023,07:43:17
Venda - apartamento padrão,2,R$ 180.000,Mutondo,São Gonçalo,RJ,90m²,Balcarce Imóveis,23/12/2022,https://rj.olx.com.br/rio-de-janeiro-e-regiao/imoveis/apartamento-para-venda-em-sao-goncalo-mutondo-2-dormitorios-1-banheiro-1-vaga-1124910057,06/Oct/2023,07:43:17
Venda - casa em rua pública,3,R$ 290.000,Mutondo,São Gonçalo,RJ,106m²,Realiza Imóveis,16/12/2022,https://rj.olx.com.br/rio-de-janeiro-e-regiao/imoveis/duas-casas-em-terreno-de-360m-venda-por-r-290-000-00-no-mutondo-sao-goncalo-rj-1122433849,06/Oct/2023,07:43:18
Venda - apartamento padrão,2,R$ 190.000,Mutondo,São Gonçalo,RJ,62m²,JOANA KELLY RODRIGUES SORIANO,11/08/2022,https://rj.olx.com.br/rio-de-janeiro-e-regiao/imoveis/apartamento-para-venda-tem-62-metros-quadrados-com-2-quartos-em-mutondo-sao-goncalo-rj-1070144319,06/Oct/2023,07:43:18
Venda - casa em rua pública,3,R$ 300.000,Mutondo,São Gonçalo,RJ,167m²,SPIN Jardim Icaraí,06/08/2022,https://rj.olx.com.br/rio-de-janeiro-e-regiao/imoveis/casa-a-venda-167-m-por-r-300-000-00-mutondo-sao-goncalo-rj-1067765985,06/Oct/2023,07:43:19
Venda - apartamento padrão,2,R$ 189.000,Mutondo,São Gonçalo,RJ,60m²,Realiza Imóveis,07/09/2022,https://rj.olx.com.br/rio-de-janeiro-e-regiao/imoveis/apartamento-a-venda-com-2-dormitorios-por-r-189-000-00-alcantara-sg-1081141810,06/Oct/2023,07:43:19
Venda - apartamento padrão,3,R$ 360.000,Mutondo,São Gonçalo,RJ,76m²,Maria Emilia Consultora,18/08/2022,https://rj.olx.com.br/rio-de-janeiro-e-regiao/imoveis/mutondo-apartamentos-de-3-quartos-varanda-gourmet-e-suite-jardim-central-2sao-goncalo-998362134,06/Oct/2023,07:43:19
Venda - apartamento padrão,2,R$ 115.000,Mutondo,São Gonçalo,RJ,60m²,Jota Gama,25/07/2022,https://rj.olx.com.br/rio-de-janeiro-e-regiao/imoveis/apartamento-para-venda-possui-60-metros-quadrados-com-2-quartos-1062573541,06/Oct/2023,07:43:19
Venda - apartamento padrão,3,R$ 550.000,Mutondo,São Gonçalo,RJ,130m²,Realiza Imóveis,30/04/2022,https://rj.olx.com.br/rio-de-janeiro-e-regiao/imoveis/apartamento-com-3-dormitorios-venda-130-m-por-r-550-000-00-mutondo-sao-goncalo-rj-1026733303,06/Oct/2023,07:43:19
Venda - apartamento padrão,2,R$ 185.000,Mutondo,São Gonçalo,RJ,60m²,Bower Consultoria Imobiliária,09/07/2022,https://rj.olx.com.br/rio-de-janeiro-e-regiao/imoveis/excelente-apartamento-no-alcantara-1049725192,06/Oct/2023,07:43:19
Venda - apartamento padrão,2,R$ 180.000,Mutondo,São Gonçalo,RJ,55m²,Realiza Imóveis,29/05/2022,https://rj.olx.com.br/rio-de-janeiro-e-regiao/imoveis/apartamento-com-2-dormitorios-venda-no-alcantara-1038387245,06/Oct/2023,07:43:19
Venda - apartamento padrão,2,R$ 195.000,Mutondo,São Gonçalo,RJ,65m²,Realiza Imóveis,27/05/2022,https://rj.olx.com.br/rio-de-janeiro-e-regiao/imoveis/excelente-apartamento-para-venda-com-2-quartos-no-mutondo-1037699802,06/Oct/2023,07:43:19
Venda - apartamento padrão,2,R$ 95.000,Mutondo,São Gonçalo,RJ,70m²,Realiza Imóveis,25/04/2022,https://rj.olx.com.br/rio-de-janeiro-e-regiao/imoveis/apartamento-com-2-dormitorios-venda-por-r-95-000-00-no-mutondo-sg-rj-1024704870,06/Oct/2023,07:43:19
Venda - apartamento padrão,2,R$ 210.000,Mutondo,São Gonçalo,RJ,55m²,PAULO ROBERTO MENEZES VIEIRA,14/07/2022,https://rj.olx.com.br/rio-de-janeiro-e-regiao/imoveis/lindo-apartamento-com-2-quartos-varanda-mutondo-alfredo-backer-967174687,06/Oct/2023,07:43:19
Venda - apartamento padrão,3,R$ 360.000,Mutondo,São Gonçalo,RJ,76m²,Maria Emilia Consultora,16/02/2022,https://rj.olx.com.br/rio-de-janeiro-e-regiao/imoveis/jardim-centra2-ultrimas-unidades-3-quartos-c-suite-varanda-gourmet-mutondo-sao-goncalo-995517472,06/Oct/2023,07:43:19
Venda - apartamento padrão,2,R$ 190.000,Mutondo,São Gonçalo,RJ,70m²,SPIN Jardim Icaraí,14/05/2022,https://rj.olx.com.br/rio-de-janeiro-e-regiao/imoveis/apartamento-com-2-qts-na-presidente-backer-a-venda-70-m-por-r-190-000-alcantara-sao-1032211255,06/Oct/2023,07:43:19
Venda - apartamento padrão,2,R$ 280.000,Mutondo,São Gonçalo,RJ,58m²,Maria Emilia Consultora,14/07/2022,https://rj.olx.com.br/rio-de-janeiro-e-regiao/imoveis/apartamentos-de-2-quartos-suite-varanda-gourmet-e-vaga-em-mutondo-sao-goncalo-r-998333180,06/Oct/2023,07:43:19