tipo,quartos,preço,bairro,cidade,estado,área construida,anunciante,data do anuncio,url,data da coleta,hora da coleta
Terrenos,,R$ 30.000,Santa Júlia,Mossoró,RN,487m²,KM IMÓVEIS,11/03/2023,https://rn.olx.com.br/rio-grande-do-norte/terrenos/venda-terrenos-no-loteamento-eldorado-na-nova-mossoro-em-mossoro-1078640147,29/May/2023,21:15:45
Terrenos,,R$ 150.156,Rincão,Mossoró,RN,360m²,F. MOURA IMÓVEIS,25/08/2022,https://rn.olx.com.br/rio-grande-do-norte/terrenos/lote-a-venda-no-condominio-ninho-residencial-1075925734,29/May/2023,21:15:45
Terrenos,,R$ 150.156,Rincão,Mossoró,RN,360m²,KM IMÓVEIS,15/03/2023,https://rn.olx.com.br/rio-grande-do-norte/terrenos/venda-lotes-no-residencial-ninho-no-bairro-rincao-em-mossoro-1043600692,29/May/2023,21:15:45
Terrenos,,R$ 88.000,Rincão,Mossoró,RN,0m²,Sueldo Silva,16/04/2023,https://rn.olx.com.br/rio-grande-do-norte/terrenos/vendo-lote-ecoville-mossoro-975955894,29/May/2023,21:15:45
Terrenos,,R$ 90.000,Rincão,Mossoró,RN,450m²,Abreu Imóveis Ltda,20/12/2022,https://rn.olx.com.br/rio-grande-do-norte/terrenos/mossoro-terreno-padrao-rincao-972334991,29/May/2023,21:15:45
Terrenos,,R$ 135.000,Àrea Rural de Mossoró,Mossoró,RN,360m²,Visão Imobiliária,17/04/2023,https://rn.olx.com.br/rio-grande-do-norte/terrenos/terreno-loteamento-em-presidente-costa-e-silva--mossoro-1124459543,29/May/2023,21:15:45
Terrenos,,R$ 1.500,Alto de São Manoel,Mossoró,RN,120m²,Visão Imobiliária,16/04/2023,https://rn.olx.com.br/rio-grande-do-norte/terrenos/terreno-em-alto-de-sao-manoel--mossoro-1125214558,29/May/2023,21:15:45
Terrenos,,R$ 8.000,Presidente Costa e Silva,Mossoró,RN,,BARETTA IMOVEIS,16/04/2023,https://rn.olx.com.br/rio-grande-do-norte/terrenos/predio-comercial-de-esquina-com-4-508-00-m-para-locacao-no-bairro-costa-e-silva-mossoro-1067637100,29/May/2023,21:15:45
Terrenos,,R$ 200.000,Nova Betânia,Mossoró,RN,299m²,KM IMÓVEIS,13/04/2023,https://rn.olx.com.br/rio-grande-do-norte/terrenos/venda-lote-no-residencial-copacabana-no-bairro-nova-betania-em-mossoro-1138472029,29/May/2023,21:15:45
Terrenos,,R$ 100.000,Dom Jaime Câmara,Mossoró,RN,420m²,KM IMÓVEIS,11/03/2023,https://rn.olx.com.br/rio-grande-do-norte/terrenos/venda-terreno-no-bairro-dom-jaime-camara-em-mossoro-1043653743,29/May/2023,21:15:45
Terrenos,,R$ 3.500,Santa Júlia,Mossoró,RN,1080m²,KM IMÓVEIS,11/03/2023,https://rn.olx.com.br/rio-grande-do-norte/terrenos/locacao-terreno-as-margens-da-br-304-em-mossoro-rn-1157938868,29/May/2023,21:15:45
Terrenos,,R$ 339.000,Bela Vista,Mossoró,RN,375m²,Sueldo Silva,13/04/2023,https://rn.olx.com.br/rio-grande-do-norte/terrenos/lote-a-venda-condominio-americas-oportunidade-1043982009,29/May/2023,21:15:45
Terrenos,,R$ 75.000,Alto do Sumaré,Mossoró,RN,360m²,KM IMÓVEIS,17/03/2023,https://rn.olx.com.br/rio-grande-do-norte/terrenos/venda-terreno-no-bairro-alto-de-sumare-em-mossoro-1043590647,29/May/2023,21:15:45
Terrenos,,R$ 195.000,Rincão,Mossoró,RN,496m²,KM IMÓVEIS,14/03/2023,https://rn.olx.com.br/rio-grande-do-norte/terrenos/venda-lote-de-esquina-no-residencial-ninho-no-bairro-rincao-em-mossoro-1111294253,29/May/2023,21:15:45
Terrenos,,R$ 18.000,Itapetinga,Mossoró,RN,200m²,KM IMÓVEIS,13/04/2023,https://rn.olx.com.br/rio-grande-do-norte/terrenos/venda-terreno-no-cidade-oeste-em-mossoro-1043602964,29/May/2023,21:15:45
Terrenos,,R$ 90.000,Rincão,Mossoró,RN,450m²,Abreu Imóveis Ltda,28/12/2022,https://rn.olx.com.br/rio-grande-do-norte/terrenos/mossoro-terreno-padrao-rincao-1023398703,29/May/2023,21:15:45
Terrenos,,R$ 34.500,Rincão,Mossoró,RN,180m²,KM IMÓVEIS,11/03/2023,https://rn.olx.com.br/rio-grande-do-norte/terrenos/venda-terrenos-no-loteamento-parque-universitario-ii-em-mossoro-1043604086,29/May/2023,21:15:45
Terrenos,,R$ 830.000,Abolição,Mossoró,RN,864m²,KM IMÓVEIS,11/03/2023,https://rn.olx.com.br/rio-grande-do-norte/terrenos/venda-dois-lotes-conjugados-no-residencial-quintas-do-lago-em-mossoro-1043603939,29/May/2023,21:15:45
Terrenos,,R$ 260.000,Bela Vista,Mossoró,RN,1620m²,KM IMÓVEIS,09/03/2023,https://rn.olx.com.br/rio-grande-do-norte/terrenos/venda-terreno-na-praia-de-gado-bravo-em-tibau-1043603479,29/May/2023,21:15:45
Terrenos,,R$ 136.850,Bela Vista,Mossoró,RN,230m²,ULISSE,19/04/2023,https://rn.olx.com.br/rio-grande-do-norte/terrenos/lancamento-condominio-copacabana-residence-1174767198,29/May/2023,21:15:45
Terrenos,,R$ 30.000,Santa Júlia,Mossoró,RN,341m²,Visão Imobiliária,16/04/2023,https://rn.olx.com.br/rio-grande-do-norte/terrenos/terreno-loteamento-em-santa-julia--mossoro-1016140979,29/May/2023,21:15:45
Terrenos,,R$ 180.000,Santo Antônio,Mossoró,RN,360m²,KM IMÓVEIS,11/03/2023,https://rn.olx.com.br/rio-grande-do-norte/terrenos/venda-terreno-na-av-rio-branco-em-mossoro-1043603504,29/May/2023,21:15:45
Terrenos,,R$ 180.187,Rincão,Mossoró,RN,360m²,Visão Imobiliária,01/04/2023,https://rn.olx.com.br/rio-grande-do-norte/terrenos/vendem-se-lotes-no-residencial-ninho-em-todas-as-etapas-1019657846,29/May/2023,21:15:45
Terrenos,,R$ 2.000,Nova Betânia,Mossoró,RN,1750m²,KM IMÓVEIS,16/04/2023,https://rn.olx.com.br/rio-grande-do-norte/terrenos/locacao-terreno-as-margens-da-br-304-no-bairro-nova-betania-em-mossoro-1108215990,29/May/2023,21:15:45
Terrenos,,R$ 70.000,Rincão,Mossoró,RN,312m²,Baretta Imóveis,18/04/2023,https://rn.olx.com.br/rio-grande-do-norte/terrenos/vendo-otimo-terreno-no-bairro-rincao-localizado-na-cidade-de-mossoro-rn-1122427185,29/May/2023,21:15:45
Terrenos,,R$ 110.000,Rincão,Mossoró,RN,360m²,Sueldo Silva,16/04/2023,https://rn.olx.com.br/rio-grande-do-norte/terrenos/lote-a-venda-ninho-residencial-1039967841,29/May/2023,21:15:45
Terrenos,,R$ 25.000,Itapetinga,Mossoró,RN,300m²,KM IMÓVEIS,16/04/2023,https://rn.olx.com.br/rio-grande-do-norte/terrenos/venda-terreno-no-loteamento-tropical-ville-em-mossoro-1043600855,29/May/2023,21:15:45
Terrenos,,R$ 140.000,Nova Betânia,Mossoró,RN,362m²,KM IMÓVEIS,09/03/2023,https://rn.olx.com.br/rio-grande-do-norte/terrenos/venda-lote-no-loteamento-campos-do-conde-no-bairro-nova-betania-em-mossoro-1107130440,29/May/2023,21:15:45
Terrenos,,R$ 120.000,Presidente Costa e Silva,Mossoró,RN,360m²,KM IMÓVEIS,11/03/2023,https://rn.olx.com.br/rio-grande-do-norte/terrenos/venda-terreno-no-bairro-costa-e-silva-em-mossoro-rn-1157666765,29/May/2023,21:15:45
Terrenos,,R$ 515.000,Nova Betânia,Mossoró,RN,392m²,KM IMÓVEIS,08/03/2023,https://rn.olx.com.br/rio-grande-do-norte/terrenos/venda-lote-amplo-disponivel-no-condominio-alphaville-em-mossoro-rn-1156516162,29/May/2023,21:15:45
Terrenos,,R$ 70.000,Presidente Costa e Silva,Mossoró,RN,360m²,KM IMÓVEIS,09/03/2023,https://rn.olx.com.br/rio-grande-do-norte/terrenos/venda-terreno-no-bairro-costa-e-silva-em-mossoro-1043600592,29/May/2023,21:15:45
Terrenos,,R$ 155.000,Rincão,Mossoró,RN,,NUNES,19/04/2023,https://rn.olx.com.br/rio-grande-do-norte/terrenos/vende-se-terreno-localizacao-vizinho-ao-cond-ecoville-1174772854,29/May/2023,21:15:46
Terrenos,,R$ 500.000,Nova Betânia,Mossoró,RN,395m²,KM IMÓVEIS,16/04/2023,https://rn.olx.com.br/rio-grande-do-norte/terrenos/venda-terreno-no-condominio-alphaville-no-bairro-nova-betania-em-mossoro-1085608701,29/May/2023,21:15:46
Terrenos,,R$ 130.000,Aeroporto,Mossoró,RN,,MOISES DE JESUS GRILO,16/04/2023,https://rn.olx.com.br/rio-grande-do-norte/terrenos/vendo-excelente-lote-10-x-25-nova-betania-1159750983,29/May/2023,21:15:46
Outros,,R$ 1.300,Aeroporto,Mossoró,RN,1200m²,Baretta Imóveis,18/04/2023,https://rn.olx.com.br/rio-grande-do-norte/terrenos/alugo-terreno-no-bairro-aeroporto-localizado-na-cidade-de-mossoro-rn-1122151348,29/May/2023,21:15:46
Terrenos,,R$ 150.000,Bela Vista,Mossoró,RN,333m²,KM IMÓVEIS,16/03/2023,https://rn.olx.com.br/rio-grande-do-norte/terrenos/venda-terrenos-no-campos-do-conde-em-mossoro-1043600707,29/May/2023,21:15:46
Terrenos,,R$ 1.250.000,Rincão,Mossoró,RN,15000m²,KM IMÓVEIS,09/03/2023,https://rn.olx.com.br/rio-grande-do-norte/terrenos/venda-terreno-com-1-50ha-ao-lado-do-ninho-residencial-em-mossoro-1157010882,29/May/2023,21:15:46
Terrenos,,null,Santa Delmira,Mossoró,RN,,NUNES,19/04/2023,https://rn.olx.com.br/rio-grande-do-norte/terrenos/vende-se-medindo-area-total-de-20-600-m2-na-br-304-1174773872,29/May/2023,21:15:46
Terrenos,,R$ 400.000,Planalto Treze de Maio,Mossoró,RN,,Visão Imobiliária,17/04/2023,https://rn.olx.com.br/rio-grande-do-norte/terrenos/terreno-em-mossoro-1016138101,29/May/2023,21:15:46
Terrenos,,R$ 180.000,Nova Betânia,Mossoró,RN,511m²,KM IMÓVEIS,17/04/2023,https://rn.olx.com.br/rio-grande-do-norte/terrenos/venda-lote-disponivel-no-campos-do-conde-no-bairro-nova-betania-mossoro-1110597858,29/May/2023,21:15:46
Terrenos,,R$ 35.000,Lagoa do Mato,Mossoró,RN,,kalianeoliveira,18/04/2023,https://rn.olx.com.br/rio-grande-do-norte/terrenos/vende-se-dois-terreno-1174681097,29/May/2023,21:15:46
Terrenos,,R$ 1.900.000,Nova Betânia,Mossoró,RN,1080m²,Baretta Imóveis,17/04/2023,https://rn.olx.com.br/rio-grande-do-norte/terrenos/otimo-terreno-para-venda-no-bairro-nova-betania-localizado-na-cidade-de-mossoro-rn-1173896880,29/May/2023,21:15:46
Terrenos,,R$ 96.000,Rincão,Mossoró,RN,360m²,KM IMÓVEIS,16/04/2023,https://rn.olx.com.br/rio-grande-do-norte/terrenos/venda-lote-no-condominio-residencial-ecoville-em-mossoro-1043606212,29/May/2023,21:15:46
Terrenos,,R$ 20.000,Itapetinga,Mossoró,RN,200m²,KM IMÓVEIS,16/03/2023,https://rn.olx.com.br/rio-grande-do-norte/terrenos/venda-terrenos-no-cidade-oeste-em-mossoro-1043601247,29/May/2023,21:15:46
Terrenos,,R$ 23.000,Santa Delmira,Mossoró,RN,200m²,KM IMÓVEIS,16/03/2023,https://rn.olx.com.br/rio-grande-do-norte/terrenos/venda-terreno-a-venda-no-royal-ville-em-mossoro-1055960788,29/May/2023,21:15:46
Terrenos,,R$ 47.000,Itapetinga,Mossoró,RN,301m²,KM IMÓVEIS,17/03/2023,https://rn.olx.com.br/rio-grande-do-norte/terrenos/venda-lote-no-loteamento-cidade-oeste-em-mossoro-1046014717,29/May/2023,21:15:46
Terrenos,,R$ 140.000,Rincão,Mossoró,RN,360m²,KM IMÓVEIS,12/03/2023,https://rn.olx.com.br/rio-grande-do-norte/terrenos/venda-lote-no-condominio-ninho-no-bairro-rincao-em-mossoro-1105719297,29/May/2023,21:15:46
Terrenos,,R$ 80.000,Presidente Costa e Silva,Mossoró,RN,1440m²,KM IMÓVEIS,14/03/2023,https://rn.olx.com.br/rio-grande-do-norte/terrenos/venda-amplo-terreno-proximo-ao-hospital-da-mulher-em-mossoro-1043610468,29/May/2023,21:15:46
Terrenos,,R$ 200.000,Santa Júlia,Mossoró,RN,9950m²,KM IMÓVEIS,12/03/2023,https://rn.olx.com.br/rio-grande-do-norte/terrenos/venda-casa-com-amplo-terreno-na-saida-para-tibau-em-mossoro-1043590957,29/May/2023,21:15:46
Terrenos,,R$ 150.000,Aeroporto,Mossoró,RN,200m²,KM IMÓVEIS,13/03/2023,https://rn.olx.com.br/rio-grande-do-norte/terrenos/venda-lotes-no-residencial-boulevard-em-mossoro-1043601676,29/May/2023,21:15:46
Terrenos,,R$ 205.000,Rincão,Mossoró,RN,250m²,Objetiva Imóveis S/S Imóveis Ltda Me,11/03/2023,https://rn.olx.com.br/rio-grande-do-norte/terrenos/otimo-lote-plano-250m-1101255481,29/May/2023,21:15:46
Terrenos,,R$ 270.000,Santa Delmira,Mossoró,RN,1140m²,KM IMÓVEIS,13/03/2023,https://rn.olx.com.br/rio-grande-do-norte/terrenos/venda-terrenos-no-loteamento-netuno-no-bairro-santa-delmira-em-mossoro-1043600518,29/May/2023,21:15:46
Terrenos,,R$ 70.000,Redenção,Mossoró,RN,726m²,KM IMÓVEIS,12/03/2023,https://rn.olx.com.br/rio-grande-do-norte/terrenos/venda-terreno-disponivel-no-bairro-redencao-em-mossoro-1043606331,29/May/2023,21:15:46
Terrenos,,R$ 250.000,Centro,Mossoró,RN,648m²,Visão Imobiliária,16/04/2023,https://rn.olx.com.br/rio-grande-do-norte/terrenos/vendem-se-02-lotes-bairro-presidente-costa-e-silva-mossoro-1084317977,29/May/2023,21:15:46
Terrenos,,R$ 20.000,Itapetinga,Mossoró,RN,300m²,Visão Imobiliária,15/04/2023,https://rn.olx.com.br/rio-grande-do-norte/terrenos/terreno-loteamento-em-mossoro-1016133986,29/May/2023,21:15:46
Terrenos,,R$ 100.000,Bela Vista,Mossoró,RN,250m²,Imobiliária Viver Bem,14/04/2023,https://rn.olx.com.br/rio-grande-do-norte/terrenos/oportunidade-lote-campos-do-conde-1037513924,29/May/2023,21:15:46
Terrenos,,R$ 165.000,Rincão,Mossoró,RN,360m²,Sueldo Silva,14/04/2023,https://rn.olx.com.br/rio-grande-do-norte/terrenos/lote-terreno-para-venda-ninho-residencial-15x30-1039933057,29/May/2023,21:15:46
Terrenos,,R$ 174.636,Santa Delmira,Mossoró,RN,519m²,Visão Imobiliária,14/04/2023,https://rn.olx.com.br/rio-grande-do-norte/terrenos/vendem-se-lotes-comercias-no-elo-empresarial-log--mossoro-1096985909,29/May/2023,21:15:46
Terrenos,,R$ 350.000,Alto da Conceição,Mossoró,RN,1229m²,Visão Imobiliária,14/04/2023,https://rn.olx.com.br/rio-grande-do-norte/terrenos/vende-se-excelente-area-no-bairro-alto-da-conceicao-1172895645,29/May/2023,21:15:46
Terrenos,,R$ 15.000,Santa Júlia,Mossoró,RN,200m²,Visão Imobiliária,16/04/2023,https://rn.olx.com.br/rio-grande-do-norte/terrenos/terreno-loteamento-em-santa-julia--mossoro-1016140576,29/May/2023,21:15:46
Terrenos,,R$ 150.000,Centro,Mossoró,RN,,Imobiliária Viver Bem,16/04/2023,https://rn.olx.com.br/rio-grande-do-norte/terrenos/terreno-no-centro-1156579503,29/May/2023,21:15:46
Terrenos,,R$ 125.000,Rincão,Mossoró,RN,360m²,Sueldo Silva,15/04/2023,https://rn.olx.com.br/rio-grande-do-norte/terrenos/lote-terreno-ninho-residencial-1037051624,29/May/2023,21:15:46
Terrenos,,R$ 350.000,Abolição,Mossoró,RN,407m²,MOISES DE JESUS GRILO,15/04/2023,https://rn.olx.com.br/rio-grande-do-norte/terrenos/lote-terreno-para-venda-com-407-metros-quadrados-em-abolicao-mossoro-rn-1032612620,29/May/2023,21:15:46
Terrenos,,R$ 170.899,Rincão,Mossoró,RN,360m²,Imobiliária Viver Bem,15/04/2023,https://rn.olx.com.br/rio-grande-do-norte/terrenos/ninho-residencial-1037520925,29/May/2023,21:15:46
Terrenos,,R$ 1.000.000,Abolição,Mossoró,RN,17581m²,Baretta Imóveis,15/04/2023,https://rn.olx.com.br/rio-grande-do-norte/terrenos/vendo-um-excelente-terreno-com-uma-area-total-de17-581-74-m-no-bairro-abolicao-3-local-1173254334,29/May/2023,21:15:46
Terrenos,,R$ 20.000,Itapetinga,Mossoró,RN,328m²,Visão Imobiliária,15/04/2023,https://rn.olx.com.br/rio-grande-do-norte/terrenos/terreno-loteamento-em-mossoro-1016134352,29/May/2023,21:15:46
Terrenos,,R$ 700.000,Nova Betânia,Mossoró,RN,1216m²,KM IMÓVEIS,15/04/2023,https://rn.olx.com.br/rio-grande-do-norte/terrenos/venda-amplo-terreno-de-esquina-nova-betania-em-mossoro-1043592674,29/May/2023,21:15:46
Terrenos,,R$ 430.000,Alto da Conceição,Mossoró,RN,4399m²,Imobiliária Business Gold,14/04/2023,https://rn.olx.com.br/rio-grande-do-norte/terrenos/terreno-a-venda-no-bairro-alto-da-conceicao-mossoro-rn-1155679183,29/May/2023,21:15:46
Terrenos,,R$ 10.000,Presidente Costa e Silva,Mossoró,RN,,Maurício Fernandes,14/04/2023,https://rn.olx.com.br/rio-grande-do-norte/terrenos/lotes-no-loteamento-terra-do-sal-no-sumare-1172665282,29/May/2023,21:15:46
Terrenos,,R$ 13.000,Àrea Rural de Mossoró,Mossoró,RN,200m²,Visão Imobiliária,13/04/2023,https://rn.olx.com.br/rio-grande-do-norte/terrenos/terreno-loteamento-em-mossoro-1124413864,29/May/2023,21:15:46
Terrenos,,R$ 20.000,Santa Júlia,Mossoró,RN,200m²,Visão Imobiliária,13/04/2023,https://rn.olx.com.br/rio-grande-do-norte/terrenos/vende-se-lote-no-loteamento-royal-ville-mossoro-1070229800,29/May/2023,21:15:46
Terrenos,,R$ 280.000,Abolição,Mossoró,RN,1490m²,Imobiliária Business Gold,13/04/2023,https://rn.olx.com.br/rio-grande-do-norte/terrenos/terreno-a-venda-no-bairro-abolicao-mossoro-rn-1124303916,29/May/2023,21:15:46
Terrenos,,R$ 100.221,Nova Betânia,Mossoró,RN,465m²,Imobiliária Business Gold,13/04/2023,https://rn.olx.com.br/rio-grande-do-norte/terrenos/terreno-a-venda-no-bairro-nova-betania-mossoro-rn-1124308133,29/May/2023,21:15:46
Terrenos,,R$ 33.000,Santa Júlia,Mossoró,RN,227m²,Visão Imobiliária,13/04/2023,https://rn.olx.com.br/rio-grande-do-norte/terrenos/terreno-loteamento-em-mossoro-1016135216,29/May/2023,21:15:46
Terrenos,,R$ 450.000,Nova Betânia,Mossoró,RN,0m²,Sueldo Silva,13/04/2023,https://rn.olx.com.br/rio-grande-do-norte/terrenos/lote-alphaville-a-venda-975946871,29/May/2023,21:15:46
Terrenos,,R$ 40.000,Rincão,Mossoró,RN,720m²,KM IMÓVEIS,02/04/2023,https://rn.olx.com.br/rio-grande-do-norte/terrenos/venda-lotes-disponiveis-no-bairro-rincao-em-mossoro-rn-1064182617,29/May/2023,21:15:46
Terrenos,,R$ 100.000,Nova Betânia,Mossoró,RN,250m²,Visão Imobiliária,02/04/2023,https://rn.olx.com.br/rio-grande-do-norte/terrenos/terreno-loteamento-em-nova-betania--mossoro-1122346495,29/May/2023,21:15:46
Terrenos,,R$ 120.000,Santo Antônio,Mossoró,RN,270m²,KM IMÓVEIS,02/04/2023,https://rn.olx.com.br/rio-grande-do-norte/terrenos/venda-terreno-disponivel-na-avenida-rio-branco-em-mossoro-1068065695,29/May/2023,21:15:46
Terrenos,,R$ 140.000,Nova Betânia,Mossoró,RN,290m²,KM IMÓVEIS,02/04/2023,https://rn.olx.com.br/rio-grande-do-norte/terrenos/venda-terreno-na-rua-principal-do-lotes-do-conde-em-mossoro-1149044447,29/May/2023,21:15:46
Terrenos,,R$ 15.000,Itapetinga,Mossoró,RN,300m²,Visão Imobiliária,02/04/2023,https://rn.olx.com.br/rio-grande-do-norte/terrenos/terreno-loteamento-em-mossoro-1016135681,29/May/2023,21:15:46
Terrenos,,R$ 125.000,Nova Betânia,Mossoró,RN,250m²,KM IMÓVEIS,01/04/2023,https://rn.olx.com.br/rio-grande-do-norte/terrenos/venda-terreno-no-loteamento-campos-do-conde-em-nova-betania-mossoro-1149044565,29/May/2023,21:15:46
Terrenos,,R$ 580.000,Nova Betânia,Mossoró,RN,1225m²,KM IMÓVEIS,01/04/2023,https://rn.olx.com.br/rio-grande-do-norte/terrenos/venda-terreno-no-loteamento-campos-do-conde-em-mossoro-1043604290,29/May/2023,21:15:46
Terrenos,,R$ 160.000,Rincão,Mossoró,RN,360m²,KM IMÓVEIS,01/04/2023,https://rn.olx.com.br/rio-grande-do-norte/terrenos/venda-lote-disponivel-no-residencial-ninho-no-bairro-rincao-em-mossoro-1114051089,29/May/2023,21:15:46
Terrenos,,R$ 30.000,Santo Antônio,Mossoró,RN,400m²,Visão Imobiliária,01/04/2023,https://rn.olx.com.br/rio-grande-do-norte/terrenos/terreno-loteamento-em-mossoro-1016133813,29/May/2023,21:15:46
Terrenos,,R$ 350.000,Alto do Sumaré,Mossoró,RN,1583m²,KM IMÓVEIS,01/04/2023,https://rn.olx.com.br/rio-grande-do-norte/terrenos/venda-terreno-no-bairro-alto-de-sumare-em-mossoro-1043602051,29/May/2023,21:15:46
Terrenos,,R$ 60.000,Abolição,Mossoró,RN,999m²,KM IMÓVEIS,01/04/2023,https://rn.olx.com.br/rio-grande-do-norte/terrenos/venda-03-lotes-no-loteamento-nova-descoberta-em-mossoro-1085608702,29/May/2023,21:15:46
Terrenos,,R$ 40.000,Alto do Sumaré,Mossoró,RN,,Visão Imobiliária,01/04/2023,https://rn.olx.com.br/rio-grande-do-norte/terrenos/terreno-loteamento-em-mossoro-1016133814,29/May/2023,21:15:46
Terrenos,,R$ 20.000,Santa Júlia,Mossoró,RN,250m²,Visão Imobiliária,01/04/2023,https://rn.olx.com.br/rio-grande-do-norte/terrenos/terreno-loteamento-em-santa-julia--mossoro-1153722814,29/May/2023,21:15:46
Terrenos,,R$ 44.000,Itapetinga,Mossoró,RN,400m²,Visão Imobiliária,01/04/2023,https://rn.olx.com.br/rio-grande-do-norte/terrenos/terreno-loteamento-em-mossoro-1016134875,29/May/2023,21:15:46
Terrenos,,R$ 100.000,Santo Antônio,Mossoró,RN,427m²,Visão Imobiliária,31/03/2023,https://rn.olx.com.br/rio-grande-do-norte/terrenos/terreno-loteamento-em-santo-antonio--mossoro-1016137732,29/May/2023,21:15:46
Terrenos,,R$ 15.000,Ilha de Santa Luzia,Mossoró,RN,360m²,KM IMÓVEIS,31/03/2023,https://rn.olx.com.br/rio-grande-do-norte/terrenos/venda-terreno-disponivel-em-mossoro-na-saida-para-natal-1043603599,29/May/2023,21:15:46
Terrenos,,R$ 195.000,Rincão,Mossoró,RN,510m²,Visão Imobiliária,31/03/2023,https://rn.olx.com.br/rio-grande-do-norte/terrenos/terreno-condominio-em-rincao--mossoro-1140887216,29/May/2023,21:15:46
Terrenos,,R$ 60.000,Abolição,Mossoró,RN,218m²,Visão Imobiliária,31/03/2023,https://rn.olx.com.br/rio-grande-do-norte/terrenos/terreno-loteamento-em-mossoro-1016134879,29/May/2023,21:15:46
Terrenos,,R$ 20.000,,Mossoró,RN,300m²,kaio Oliveira,31/03/2023,https://rn.olx.com.br/rio-grande-do-norte/terrenos/vendo-lote-no-loteamento-brisa-leste-proximo-ao-residencial-ninho-mossoro-rn-504571418,29/May/2023,21:15:46
Terrenos,,R$ 150.000,Nova Betânia,Mossoró,RN,377m²,KM IMÓVEIS,31/03/2023,https://rn.olx.com.br/rio-grande-do-norte/terrenos/venda-lote-de-esquina-no-campos-do-conde-mossoro-1149074070,29/May/2023,21:15:46
Terrenos,,R$ 450.000,Doze Anos,Mossoró,RN,950m²,Imobiliária Business Gold,31/03/2023,https://rn.olx.com.br/rio-grande-do-norte/terrenos/terreno-a-venda-no-bairro-doze-anos-mossoro-rn-1111441066,29/May/2023,21:15:46
Terrenos,,R$ 15.000,Presidente Costa e Silva,Mossoró,RN,360m²,KM IMÓVEIS,31/03/2023,https://rn.olx.com.br/rio-grande-do-norte/terrenos/oportunidade-terreno-a-venda-nas-imediacoes-do-conjunto-odete-rosado-1043602015,29/May/2023,21:15:46
Terrenos,,R$ 235.000,Santo Antônio,Mossoró,RN,1900m²,Visão Imobiliária,15/04/2023,https://rn.olx.com.br/rio-grande-do-norte/terrenos/terreno-loteamento-em-mossoro-1016133999,29/May/2023,21:15:47
Terrenos,,R$ 70.000,Santa Delmira,Mossoró,RN,360m²,KM IMÓVEIS,30/03/2023,https://rn.olx.com.br/rio-grande-do-norte/terrenos/venda-terreno-disponivel-no-bairro-santa-delmira-em-mossoro-1043603250,29/May/2023,21:15:47
Terrenos,,R$ 7.700.000,Santo Antônio,Mossoró,RN,11863m²,Visão Imobiliária,30/03/2023,https://rn.olx.com.br/rio-grande-do-norte/terrenos/terreno-em-mossoro-1016133800,29/May/2023,21:15:47
Terrenos,,R$ 4.950.000,Aeroporto,Mossoró,RN,28771m²,KM IMÓVEIS,30/03/2023,https://rn.olx.com.br/rio-grande-do-norte/terrenos/venda-grande-area-as-margens-da-rn-015-na-saida-para-baraunas-1043600836,29/May/2023,21:15:47
Terrenos,,R$ 125.000,Rincão,Mossoró,RN,1250m²,Visão Imobiliária,30/03/2023,https://rn.olx.com.br/rio-grande-do-norte/terrenos/terreno-loteamento-em-rincao--mossoro-1016137426,29/May/2023,21:15:47
Terrenos,,R$ 70.000,Rincão,Mossoró,RN,360m²,KM IMÓVEIS,30/03/2023,https://rn.olx.com.br/rio-grande-do-norte/terrenos/venda-terreno-disponivel-no-parque-universitario-em-mossoro-1043601376,29/May/2023,21:15:47
Terrenos,,R$ 450.000,Rincão,Mossoró,RN,2100m²,KM IMÓVEIS,30/03/2023,https://rn.olx.com.br/rio-grande-do-norte/terrenos/venda-terreno-no-bairro-vingt-rosado-em-mossoro-1043603477,29/May/2023,21:15:47
Terrenos,,R$ 17.000,Itapetinga,Mossoró,RN,300m²,Visão Imobiliária,30/03/2023,https://rn.olx.com.br/rio-grande-do-norte/terrenos/terreno-loteamento-em-mossoro-1016133852,29/May/2023,21:15:47
Terrenos,,R$ 15.000,Rincão,Mossoró,RN,312m²,KM IMÓVEIS,30/03/2023,https://rn.olx.com.br/rio-grande-do-norte/terrenos/venda-terreno-no-loteamento-portal-de-mossoro-1043608244,29/May/2023,21:15:47
Terrenos,,R$ 50.000,Santo Antônio,Mossoró,RN,900m²,KM IMÓVEIS,30/03/2023,https://rn.olx.com.br/rio-grande-do-norte/terrenos/venda-lotes-disponiveis-no-bairro-santo-antonio-em-mossoro-1100005159,29/May/2023,21:15:47
Terrenos,,R$ 800.000,Pintos,Mossoró,RN,100m²,KM IMÓVEIS,29/03/2023,https://rn.olx.com.br/rio-grande-do-norte/terrenos/venda-terreno-no-bairro-costa-e-silva-proximo-ao-tenda-em-mossoro-1043590949,29/May/2023,21:15:47
Terrenos,,R$ 7.600.000,Bom Jesus,Mossoró,RN,,Visão Imobiliária,29/03/2023,https://rn.olx.com.br/rio-grande-do-norte/terrenos/terreno-em-bom-jesus--mossoro-1016140193,29/May/2023,21:15:47
Terrenos,,R$ 690.000,Nova Betânia,Mossoró,RN,1471m²,KM IMÓVEIS,29/03/2023,https://rn.olx.com.br/rio-grande-do-norte/terrenos/venda-area-com-1-471m-no-campos-do-conde-em-mossoro-1149097714,29/May/2023,21:15:47
Terrenos,,R$ 95.000,Nova Betânia,Mossoró,RN,250m²,Visão Imobiliária,28/03/2023,https://rn.olx.com.br/rio-grande-do-norte/terrenos/terreno-loteamento-em-nova-betania--mossoro-1122368147,29/May/2023,21:15:47
Terrenos,,R$ 100.000,Nova Betânia,Mossoró,RN,250m²,Visão Imobiliária,28/03/2023,https://rn.olx.com.br/rio-grande-do-norte/terrenos/terreno-loteamento-em-nova-betania--mossoro-1122368482,29/May/2023,21:15:47
Terrenos,,R$ 210.000,Planalto Treze de Maio,Mossoró,RN,1170m²,Visão Imobiliária,28/03/2023,https://rn.olx.com.br/rio-grande-do-norte/terrenos/terreno-loteamento-em-mossoro-1016133815,29/May/2023,21:15:47
Terrenos,,R$ 100.000,Nova Betânia,Mossoró,RN,250m²,Visão Imobiliária,28/03/2023,https://rn.olx.com.br/rio-grande-do-norte/terrenos/terreno-loteamento-em-nova-betania--mossoro-1122346623,29/May/2023,21:15:47
Terrenos,,R$ 35.000,Itapetinga,Mossoró,RN,200m²,Visão Imobiliária,27/03/2023,https://rn.olx.com.br/rio-grande-do-norte/terrenos/terreno-em-mossoro-1016134483,29/May/2023,21:15:47
Terrenos,,R$ 120.000,Bela Vista,Mossoró,RN,360m²,KM IMÓVEIS,27/03/2023,https://rn.olx.com.br/rio-grande-do-norte/terrenos/venda-terreno-disponivel-no-bairro-nova-betania-em-mossoro-1043603045,29/May/2023,21:15:47
Terrenos,,R$ 160.000,Bela Vista,Mossoró,RN,511m²,Visão Imobiliária,27/03/2023,https://rn.olx.com.br/rio-grande-do-norte/terrenos/vende-se-lote-no-campos-do-conde-bairro-nova-betania-mossoro-1049109769,29/May/2023,21:15:47
Terrenos,,R$ 270.000,Bom Jardim,Mossoró,RN,530m²,Visão Imobiliária,26/03/2023,https://rn.olx.com.br/rio-grande-do-norte/terrenos/terreno-avulso-em-bom-jardim--mossoro-1016135675,29/May/2023,21:15:47
Terrenos,,R$ 49.000,Rincão,Mossoró,RN,408m²,KM IMÓVEIS,26/03/2023,https://rn.olx.com.br/rio-grande-do-norte/terrenos/venda-terreno-disponivel-no-bairro-costa-e-silva-em-mossoro-1043602960,29/May/2023,21:15:47
Terrenos,,R$ 20.000,Itapetinga,Mossoró,RN,300m²,Visão Imobiliária,26/03/2023,https://rn.olx.com.br/rio-grande-do-norte/terrenos/terreno-loteamento-em-mossoro-1016134309,29/May/2023,21:15:47
Terrenos,,R$ 200.000,Presidente Costa e Silva,Mossoró,RN,300m²,KM IMÓVEIS,26/03/2023,https://rn.olx.com.br/rio-grande-do-norte/terrenos/venda-terreno-murado-no-bairro-costa-e-silva-em-mossoro-1043600477,29/May/2023,21:15:47
Terrenos,,R$ 23.000,Rincão,Mossoró,RN,200m²,KM IMÓVEIS,26/03/2023,https://rn.olx.com.br/rio-grande-do-norte/terrenos/venda-terreno-no-loteamento-alto-das-brisas-em-mossoro-1043603643,29/May/2023,21:15:47
Terrenos,,R$ 195.000,Santo Antônio,Mossoró,RN,720m²,KM IMÓVEIS,26/03/2023,https://rn.olx.com.br/rio-grande-do-norte/terrenos/venda-terreno-no-bairro-santo-antonio-em-mossoro-1043600978,29/May/2023,21:15:47
Venda - casa em rua pública,3,R$ 270.000,Doze Anos,Mossoró,RN,300m²,Bruna M.,28/05/2023,https://rn.olx.com.br/rio-grande-do-norte/imoveis/vendo-casa-no-bairro-doze-anos-1189956100,29/May/2023,21:15:47
Venda - casa em condominio fechado,3,R$ 430.000,Centro,Mossoró,RN,100m²,Central Engenharia e Construções,22/05/2023,https://rn.olx.com.br/rio-grande-do-norte/imoveis/casa-personalizada-a-venda-no-boulevard-mossoro-rn-1135345739,29/May/2023,21:15:47
Venda - casa em rua pública,3,R$ 400.000,Àrea Rural de Mossoró,Mossoró,RN,3000m²,Visão Imobiliária,07/04/2023,https://rn.olx.com.br/rio-grande-do-norte/imoveis/casa-sitio-em-dix-sept-rosado--mossoro-1144022383,29/May/2023,21:15:47
Venda - apartamento padrão,3,R$ 320.000,Nova Betânia,Mossoró,RN,77m²,KM IMÓVEIS,23/03/2023,https://rn.olx.com.br/rio-grande-do-norte/imoveis/venda-apartamento-no-residencial-le-soleil-em-nova-betania-mossoro-1163181345,29/May/2023,21:15:47
Venda - casa em rua pública,3,R$ 210.000,Dom Jaime Câmara,Mossoró,RN,110m²,MOISES DE JESUS GRILO,16/04/2023,https://rn.olx.com.br/rio-grande-do-norte/imoveis/vendo-bela-casa-no-alto-de-sao-manoel-mossoro-rn-998847198,29/May/2023,21:15:47
Venda - apartamento padrão,2,R$ 140.000,Aeroporto,Mossoró,RN,47m²,Visão Imobiliária,02/04/2023,https://rn.olx.com.br/rio-grande-do-norte/imoveis/residencial-celina-guimaraes-i-1040527992,29/May/2023,21:15:47
Terrenos,,R$ 25.000,Itapetinga,Mossoró,RN,200m²,Visão Imobiliária,12/04/2023,https://rn.olx.com.br/rio-grande-do-norte/terrenos/terreno-loteamento-em-mossoro-1016139908,29/May/2023,21:15:47
Terrenos,,R$ 150.000,Bom Jesus,Mossoró,RN,2100m²,Visão Imobiliária,12/04/2023,https://rn.olx.com.br/rio-grande-do-norte/terrenos/terreno-avulso-em-bom-jesus--mossoro-1125190962,29/May/2023,21:15:47
Terrenos,,R$ 300.000,Paredões,Mossoró,RN,504m²,KM IMÓVEIS,12/04/2023,https://rn.olx.com.br/rio-grande-do-norte/terrenos/venda-ou-locacao-terreno-no-centro-em-mossoro-1043600560,29/May/2023,21:15:47
Terrenos,,R$ 70.000,Abolição,Mossoró,RN,300m²,KM IMÓVEIS,12/04/2023,https://rn.olx.com.br/rio-grande-do-norte/terrenos/venda-terreno-disponivel-no-loteamento-nova-descoberta-em-mossoro-1088284533,29/May/2023,21:15:47
Terrenos,,R$ 35.000,Àrea Rural de Mossoró,Mossoró,RN,,Visão Imobiliária,12/04/2023,https://rn.olx.com.br/rio-grande-do-norte/terrenos/terreno-em-praia-de-cristovao--areia-branca-1124474438,29/May/2023,21:15:47
Terrenos,,R$ 343.406,Bela Vista,Mossoró,RN,375m²,Imobiliária Viver Bem,11/04/2023,https://rn.olx.com.br/rio-grande-do-norte/terrenos/melhor-alto-padrao-condominio-das-americas-1037523936,29/May/2023,21:15:47
Terrenos,,R$ 125.000,Bela Vista,Mossoró,RN,200m²,Silva Júnior,11/04/2023,https://rn.olx.com.br/rio-grande-do-norte/terrenos/condominio-bulevar-residence-1171605322,29/May/2023,21:15:47
Terrenos,,R$ 2.000,Paredões,Mossoró,RN,504m²,KM IMÓVEIS,11/04/2023,https://rn.olx.com.br/rio-grande-do-norte/terrenos/venda-ou-locacao-terreno-no-centro-em-mossoro-1047044060,29/May/2023,21:15:47
Terrenos,,R$ 150.000,Aeroporto,Mossoró,RN,360m²,KM IMÓVEIS,11/04/2023,https://rn.olx.com.br/rio-grande-do-norte/terrenos/venda-terreno-disponivel-no-bairro-aeroporto-em-mossoro-1076404321,29/May/2023,21:15:47
Terrenos,,R$ 15.000,Santa Júlia,Mossoró,RN,200m²,Visão Imobiliária,11/04/2023,https://rn.olx.com.br/rio-grande-do-norte/terrenos/terreno-loteamento-em-santa-julia--mossoro-1016139004,29/May/2023,21:15:47
Terrenos,,R$ 45.000,Santa Delmira,Mossoró,RN,325m²,dulci20112011,11/04/2023,https://rn.olx.com.br/rio-grande-do-norte/terrenos/terreno-c-325m-em-tibau-1171374687,29/May/2023,21:15:47
Terrenos,,R$ 60.000,Abolição,Mossoró,RN,219m²,Visão Imobiliária,11/04/2023,https://rn.olx.com.br/rio-grande-do-norte/terrenos/terreno-loteamento-em-mossoro-1016135456,29/May/2023,21:15:47
Terrenos,,R$ 105.000,Nova Betânia,Mossoró,RN,250m²,Baretta Imóveis,11/04/2023,https://rn.olx.com.br/rio-grande-do-norte/terrenos/timo-lote-para-venda-no-condominio-campos-do-conde-no-bairro-bela-vista-localizado-na-c-1171340090,29/May/2023,21:15:47
Terrenos,,R$ 136.000,Bela Vista,Mossoró,RN,230m²,Imobiliária Viver Bem,11/04/2023,https://rn.olx.com.br/rio-grande-do-norte/terrenos/lotes-em-condominio-fechado-1019479951,29/May/2023,21:15:47
Terrenos,,null,Nova Betânia,Mossoró,RN,,ULISSE N,11/04/2023,https://rn.olx.com.br/rio-grande-do-norte/terrenos/aluga-se-terreno-urbano-1171193231,29/May/2023,21:15:47
Terrenos,,R$ 480.000,Nova Betânia,Mossoró,RN,378m²,KM IMÓVEIS,11/04/2023,https://rn.olx.com.br/rio-grande-do-norte/terrenos/venda-lote-plano-no-condominio-alphaville-bairro-nova-betania-em-mossoro-1138414685,29/May/2023,21:15:47
Terrenos,,R$ 380.000,Bela Vista,Mossoró,RN,1440m²,KM IMÓVEIS,11/04/2023,https://rn.olx.com.br/rio-grande-do-norte/terrenos/venda-terreno-ao-lado-do-boulevard-residence-em-mossoro-1043601910,29/May/2023,21:15:47
Terrenos,,R$ 115.000,Bela Vista,Mossoró,RN,200m²,Baretta Imóveis,10/04/2023,https://rn.olx.com.br/rio-grande-do-norte/terrenos/vendo-excelente-lote-no-condominio-boulevard-no-bairro-dix-sept-rosado-localizado-na-cid-1144627330,29/May/2023,21:15:48
Terrenos,,R$ 50.000,,Mossoró,RN,450m²,Almeri M.,10/04/2023,https://rn.olx.com.br/rio-grande-do-norte/terrenos/lote-no-ninho-residencial-venda-ou-troca-1142409555,29/May/2023,21:15:48
Terrenos,,R$ 100.000,Santa Delmira,Mossoró,RN,1250m²,Visão Imobiliária,10/04/2023,https://rn.olx.com.br/rio-grande-do-norte/terrenos/terreno-loteamento-em-mossoro-1016134687,29/May/2023,21:15:48
Terrenos,,R$ 20.000,Itapetinga,Mossoró,RN,300m²,Visão Imobiliária,10/04/2023,https://rn.olx.com.br/rio-grande-do-norte/terrenos/terreno-loteamento-em-mossoro-1016141188,29/May/2023,21:15:48
Terrenos,,R$ 50.000,Rincão,Mossoró,RN,360m²,KM IMÓVEIS,10/04/2023,https://rn.olx.com.br/rio-grande-do-norte/terrenos/venda-lotes-no-bairro-rincao-no-parque-universitario-em-mossoro-1043603248,29/May/2023,21:15:48
Terrenos,,R$ 1.500.000,Centro,Mossoró,RN,241m²,KM IMÓVEIS,09/04/2023,https://rn.olx.com.br/rio-grande-do-norte/terrenos/venda-terreno-de-esquina-no-centro-de-mossoro-1044340909,29/May/2023,21:15:48
Terrenos,,R$ 169.000,Abolição,Mossoró,RN,2264m²,KM IMÓVEIS,09/04/2023,https://rn.olx.com.br/rio-grande-do-norte/terrenos/venda-lotes-disponiveis-no-bairro-costa-e-silva-em-mossoro-1135428501,29/May/2023,21:15:48
Terrenos,,R$ 800.000,Centro,Mossoró,RN,1000m²,KM IMÓVEIS,09/04/2023,https://rn.olx.com.br/rio-grande-do-norte/terrenos/venda-terreno-com-1000m-no-centro-em-mossoro-1043600809,29/May/2023,21:15:48
Terrenos,,R$ 140.000,Nova Betânia,Mossoró,RN,375m²,Visão Imobiliária,09/04/2023,https://rn.olx.com.br/rio-grande-do-norte/terrenos/terreno-loteamento-em-nova-betania--mossoro-1122345826,29/May/2023,21:15:48
Terrenos,,R$ 360.000,Rincão,Mossoró,RN,1800m²,Visão Imobiliária,09/04/2023,https://rn.olx.com.br/rio-grande-do-norte/terrenos/terreno-loteamento-em-mossoro-1016137424,29/May/2023,21:15:48
Terrenos,,R$ 22.000,Itapetinga,Mossoró,RN,300m²,Antonio,08/04/2023,https://rn.olx.com.br/rio-grande-do-norte/terrenos/terreno-tropical-ville-1170468554,29/May/2023,21:15:48
Terrenos,,R$ 25.000,Abolição,Mossoró,RN,720m²,KM IMÓVEIS,08/04/2023,https://rn.olx.com.br/rio-grande-do-norte/terrenos/venda-terreno-no-bairro-abolicao-em-mossoro-1043592799,29/May/2023,21:15:48
Terrenos,,R$ 160.000,Nova Betânia,Mossoró,RN,250m²,Visão Imobiliária,08/04/2023,https://rn.olx.com.br/rio-grande-do-norte/terrenos/vende-se-terreno-no-condominio-campos-do-conde-1016168305,29/May/2023,21:15:48
Terrenos,,R$ 190.000,Rincão,Mossoró,RN,450m²,KM IMÓVEIS,08/04/2023,https://rn.olx.com.br/rio-grande-do-norte/terrenos/venda-lote-disponivel-no-residencial-ninho-no-bairro-rincao-em-mossoro-1133112089,29/May/2023,21:15:48
Terrenos,,R$ 30.000,Presidente Costa e Silva,Mossoró,RN,360m²,Visão Imobiliária,08/04/2023,https://rn.olx.com.br/rio-grande-do-norte/terrenos/terreno-em-presidente-costa-e-silva--mossoro-1016138798,29/May/2023,21:15:48
Terrenos,,R$ 80.000,Rincão,Mossoró,RN,500m²,KM IMÓVEIS,08/04/2023,https://rn.olx.com.br/rio-grande-do-norte/terrenos/venda-terrenos-disponiveis-no-loteamento-alto-das-brisas-em-mossoro-1074008140,29/May/2023,21:15:48
Terrenos,,R$ 250.000,Ilha de Santa Luzia,Mossoró,RN,840m²,Visão Imobiliária,23/03/2023,https://rn.olx.com.br/rio-grande-do-norte/terrenos/vende-se-area-perfeita-para-residencias-mossoro-1163271384,29/May/2023,21:15:48
Terrenos,,R$ 2.500,Nova Betânia,Mossoró,RN,1750m²,Visão Imobiliária,23/03/2023,https://rn.olx.com.br/rio-grande-do-norte/terrenos/terreno-em-nova-betania--mossoro-1163270505,29/May/2023,21:15:48
Terrenos,,R$ 28.000,Planalto Treze de Maio,Mossoró,RN,170m²,Visão Imobiliária,23/03/2023,https://rn.olx.com.br/rio-grande-do-norte/terrenos/terreno-loteamento-em-mossoro-1016133881,29/May/2023,21:15:48
Terrenos,,R$ 100.000,Bela Vista,Mossoró,RN,999m²,KM IMÓVEIS,23/03/2023,https://rn.olx.com.br/rio-grande-do-norte/terrenos/venda-terreno-em-nova-betania-no-loteamento-cidade-nova-em-mossoro-1043601726,29/May/2023,21:15:48
Terrenos,,R$ 30.000,Itapetinga,Mossoró,RN,200m²,Visão Imobiliária,23/03/2023,https://rn.olx.com.br/rio-grande-do-norte/terrenos/terreno-loteamento-em-mossoro-1016137421,29/May/2023,21:15:48
Terrenos,,R$ 612.000,Centro,Mossoró,RN,360m²,KM IMÓVEIS,22/03/2023,https://rn.olx.com.br/rio-grande-do-norte/terrenos/vende-se-terreno-no-centro-na-rua-tiradentes-1043602974,29/May/2023,21:15:48
Terrenos,,R$ 60.000,Santa Júlia,Mossoró,RN,,Visão Imobiliária,22/03/2023,https://rn.olx.com.br/rio-grande-do-norte/terrenos/terreno-avulso-em-mossoro-1016135623,29/May/2023,21:15:48
Terrenos,,R$ 72.000,Abolição,Mossoró,RN,100m²,KM IMÓVEIS,22/03/2023,https://rn.olx.com.br/rio-grande-do-norte/terrenos/venda-terrenos-na-presidente-costa-proximo-ao-hotel-thermas-em-mossoro-1043603711,29/May/2023,21:15:48
Terrenos,,R$ 35.000,Rincão,Mossoró,RN,360m²,Visão Imobiliária,22/03/2023,https://rn.olx.com.br/rio-grande-do-norte/terrenos/terreno-em-rincao--mossoro-1016135231,29/May/2023,21:15:48
Terrenos,,R$ 195.000,Santo Antônio,Mossoró,RN,900m²,KM IMÓVEIS,22/03/2023,https://rn.olx.com.br/rio-grande-do-norte/terrenos/venda-lotes-disponiveis-no-bairro-santo-antonio-em-mossoro-1100006348,29/May/2023,21:15:48
Terrenos,,R$ 20.000,Itapetinga,Mossoró,RN,300m²,Visão Imobiliária,22/03/2023,https://rn.olx.com.br/rio-grande-do-norte/terrenos/terreno-loteamento-em-mossoro-1016135666,29/May/2023,21:15:48
Terrenos,,R$ 30.240,Itapetinga,Mossoró,RN,300m²,KM IMÓVEIS,22/03/2023,https://rn.olx.com.br/rio-grande-do-norte/terrenos/venda-terrenos-no-loteamento-tropical-ville-em-mossoro-1043592675,29/May/2023,21:15:48
Terrenos,,R$ 55.000,Rincão,Mossoró,RN,360m²,Visão Imobiliária,21/03/2023,https://rn.olx.com.br/rio-grande-do-norte/terrenos/terreno-em-rincao--mossoro-1016140201,29/May/2023,21:15:48
Terrenos,,R$ 500.000,Paredões,Mossoró,RN,31200m²,Imobiliária Business Gold,05/04/2023,https://rn.olx.com.br/rio-grande-do-norte/terrenos/terreno-a-venda-no-bairro-paredoes-mossoro-rn-1124303911,29/May/2023,21:15:48
Terrenos,,R$ 380.000,Santo Antônio,Mossoró,RN,1600m²,Visão Imobiliária,05/04/2023,https://rn.olx.com.br/rio-grande-do-norte/terrenos/terreno-loteamento-em-mossoro-1016134568,29/May/2023,21:15:48
Terrenos,,R$ 8.000,Alto de São Manoel,Mossoró,RN,2800m²,Visão Imobiliária,05/04/2023,https://rn.olx.com.br/rio-grande-do-norte/terrenos/terreno-comercial-em-mossoro-1016134472,29/May/2023,21:15:48
Terrenos,,R$ 195.999,Rincão,Mossoró,RN,360m²,Lucas Luciano,05/04/2023,https://rn.olx.com.br/rio-grande-do-norte/terrenos/venda-lote-residencial-ninho-mossoro-rn-1168369160,29/May/2023,21:15:48
Terrenos,,R$ 18.000,Itapetinga,Mossoró,RN,300m²,Visão Imobiliária,05/04/2023,https://rn.olx.com.br/rio-grande-do-norte/terrenos/terreno-loteamento-em-tropical-ville--mossoro-1016134531,29/May/2023,21:15:48
Terrenos,,R$ 65.000,Santo Antônio,Mossoró,RN,360m²,KM IMÓVEIS,05/04/2023,https://rn.olx.com.br/rio-grande-do-norte/terrenos/venda-terreno-no-bairro-santo-antonio-em-mossoro-1073419228,29/May/2023,21:15:48
Terrenos,,R$ 45.000,Santa Delmira,Mossoró,RN,800m²,KM IMÓVEIS,04/04/2023,https://rn.olx.com.br/rio-grande-do-norte/terrenos/venda-04-lotes-no-royal-ville-em-mossoro-1043601468,29/May/2023,21:15:48
Terrenos,,R$ 1.100,Alto do Sumaré,Mossoró,RN,890m²,Visão Imobiliária,04/04/2023,https://rn.olx.com.br/rio-grande-do-norte/terrenos/terreno-em-mossoro-1016133768,29/May/2023,21:15:48
Terrenos,,R$ 96.000,Rincão,Mossoró,RN,360m²,KM IMÓVEIS,04/04/2023,https://rn.olx.com.br/rio-grande-do-norte/terrenos/venda-lotes-disponiveis-no-residencial-ecoville-bairro-rincao-em-mossoro-1108212238,29/May/2023,21:15:48
Terrenos,,R$ 65.000,Abolição,Mossoró,RN,232m²,Visão Imobiliária,04/04/2023,https://rn.olx.com.br/rio-grande-do-norte/terrenos/terreno-loteamento-em-mossoro-1016135374,29/May/2023,21:15:48
Terrenos,,R$ 1.990.000,Nova Betânia,Mossoró,RN,5000m²,Imobiliária Business Gold,04/04/2023,https://rn.olx.com.br/rio-grande-do-norte/terrenos/terreno-a-venda-no-bairro-nova-betania-mossoro-rn-1124303533,29/May/2023,21:15:48
Terrenos,,R$ 70.000,Santo Antônio,Mossoró,RN,240m²,KM IMÓVEIS,04/04/2023,https://rn.olx.com.br/rio-grande-do-norte/terrenos/venda-terreno-no-bairro-santo-antonio-em-mossoro-1043606659,29/May/2023,21:15:48
Terrenos,,R$ 135.000,,Mossoró,RN,2100m²,João Felix,04/04/2023,https://rn.olx.com.br/rio-grande-do-norte/terrenos/terreno-com-escritura-publica-1167738521,29/May/2023,21:15:48
Terrenos,,R$ 60.000,Santa Júlia,Mossoró,RN,800m²,Visão Imobiliária,04/04/2023,https://rn.olx.com.br/rio-grande-do-norte/terrenos/terreno-loteamento-em-mossoro-1016134714,29/May/2023,21:15:48
Terrenos,,R$ 365.000,Nova Betânia,Mossoró,RN,375m²,Visão Imobiliária,03/04/2023,https://rn.olx.com.br/rio-grande-do-norte/terrenos/vendem-se-lotes-no-condominio-sunville-alto-padrao-1016134240,29/May/2023,21:15:48
Venda - casa em rua pública,4,R$ 180.000,Alto do Sumaré,Mossoró,RN,172m²,Visão Imobiliária,07/04/2023,https://rn.olx.com.br/rio-grande-do-norte/imoveis/casa-terrea-em-alto-do-sumare--mossoro-1072179666,29/May/2023,21:15:48
Venda - apartamento padrão,4,R$ 995.275,Nova Betânia,Mossoró,RN,183m²,KM IMÓVEIS,07/04/2023,https://rn.olx.com.br/rio-grande-do-norte/imoveis/venda-apartamentos-alto-padrao-no-residencial-maria-gorete-em-mossoro-1043603424,29/May/2023,21:15:48
Venda - casa em rua pública,5 ou mais,R$ 1.800.000,Centro,Mossoró,RN,811m²,KM IMÓVEIS,07/04/2023,https://rn.olx.com.br/rio-grande-do-norte/imoveis/venda-casa-com-amplo-terreno-no-centro-em-mossoro-1043606006,29/May/2023,21:15:48
Venda - casa em rua pública,5 ou mais,R$ 790.000,Presidente Costa e Silva,Mossoró,RN,364m²,Imobiliária Business Gold,07/04/2023,https://rn.olx.com.br/rio-grande-do-norte/imoveis/casa-a-venda-no-bairro-presidente-costa-e-silva-mossoro-rn-1124304557,29/May/2023,21:15:48
Venda - casa em condominio fechado,3,R$ 265.000,Presidente Costa e Silva,Mossoró,RN,77m²,Visão Imobiliária,07/04/2023,https://rn.olx.com.br/rio-grande-do-norte/imoveis/vendem-se-casas-com-03-quartos-no-ecovita-residencial-1157060576,29/May/2023,21:15:48
Venda - casa em rua pública,4,R$ 360.000,Nova Betânia,Mossoró,RN,218m²,Joao Chaves,29/05/2023,https://rn.olx.com.br/rio-grande-do-norte/imoveis/casa-nova-betania-04-quartos-sento-03-suites-1191594395,29/May/2023,21:15:48
Venda - casa em condominio fechado,3,R$ 145.000,Monsenhor Américo,Mossoró,RN,87m²,José Robson,29/05/2023,https://rn.olx.com.br/rio-grande-do-norte/imoveis/vendo-troco-casa-em-cond-fechado-mossoro-1186162992,29/May/2023,21:15:48
Venda - casa em condominio fechado,3,R$ 620.000,Bela Vista,Mossoró,RN,11977m²,Murilo Augusto,28/05/2023,https://rn.olx.com.br/rio-grande-do-norte/imoveis/vende-se-casa-recem-construida-no-condominio-boulevard-1179782666,29/May/2023,21:15:48
Venda - casa em rua pública,4,R$ 800.000,Rincão,Mossoró,RN,,Guilherme Ortega,29/05/2023,https://rn.olx.com.br/rio-grande-do-norte/imoveis/thalyta-souza-cartao-de-credito-800-mil-1137891345,29/May/2023,21:15:48
Venda - casa em rua pública,3,R$ 650.000,Abolição,Mossoró,RN,250m²,stylloveiculos,29/05/2023,https://rn.olx.com.br/rio-grande-do-norte/imoveis/vendo-casa-excelente-para-ponto-comercial-vizinho-ao-bradesco-de-mossoro-rn-982654494,29/May/2023,21:15:48
Venda - casa em rua pública,2,R$ 208.000,Bela Vista,Mossoró,RN,69m²,Sueldo Silva,29/05/2023,https://rn.olx.com.br/rio-grande-do-norte/imoveis/linda-casa-no-bela-vista-oportunidade-1191384480,29/May/2023,21:15:48
Venda - casa em condominio fechado,3,R$ 2.600.000,Nova Betânia,Mossoró,RN,300m²,KM IMÓVEIS,04/04/2023,https://rn.olx.com.br/rio-grande-do-norte/imoveis/venda-casa-alto-padrao-no-alphaville-em-mossoro-1043606318,29/May/2023,21:15:48
Venda - casa em condominio fechado,4,R$ 1.600.000,Nova Betânia,Mossoró,RN,277m²,KM IMÓVEIS,04/04/2023,https://rn.olx.com.br/rio-grande-do-norte/imoveis/venda-belissima-casa-duplex-no-alphaville-em-mossoro-1043601289,29/May/2023,21:15:48
Venda - casa em condominio fechado,2,R$ 129.000,Alto do Sumaré,Mossoró,RN,41m²,Visão Imobiliária,04/04/2023,https://rn.olx.com.br/rio-grande-do-norte/imoveis/vende-se-casa-condominio-residencial-villagio-do-oeste-1157389886,29/May/2023,21:15:48
Venda - casa em rua pública,5 ou mais,R$ 850.000,Presidente Costa e Silva,Mossoró,RN,323m²,KM IMÓVEIS,03/04/2023,https://rn.olx.com.br/rio-grande-do-norte/imoveis/venda-casa-duplex-no-bairro-costa-e-silva-em-mossoro-1043606086,29/May/2023,21:15:48
Venda - casa em rua pública,2,R$ 90.000,,Mossoró,RN,300m²,Teté,29/05/2023,https://rn.olx.com.br/rio-grande-do-norte/imoveis/vendo-casa-1191305650,29/May/2023,21:15:48
Venda - casa em rua pública,3,R$ 180.000,Planalto Treze de Maio,Mossoró,RN,100m²,Visão Imobiliária,27/05/2023,https://rn.olx.com.br/rio-grande-do-norte/imoveis/vende-se-casa-com-grande-terreno-no-planalto-treze-de-maio-1190937896,29/May/2023,21:15:48
Venda - apartamento padrão,2,R$ 190.000,Santo Antônio,Mossoró,RN,65m²,Visão Imobiliária,27/05/2023,https://rn.olx.com.br/rio-grande-do-norte/imoveis/vende-se-ou-aluga-se-apartamento-no-resid-clovis-ciarlini-1190937887,29/May/2023,21:15:48
Venda - casa em rua pública,4,R$ 150.000,Planalto Treze de Maio,Mossoró,RN,300m²,Visão Imobiliária,27/05/2023,https://rn.olx.com.br/rio-grande-do-norte/imoveis/vende-se-02-casas-no-bairro-planalto-treze-de-maio-mossoro-1190937883,29/May/2023,21:15:49
Venda - casa em condominio fechado,3,R$ 550.000,Centro,Mossoró,RN,200m²,Fonseca  Alves,04/04/2023,https://rn.olx.com.br/rio-grande-do-norte/imoveis/casa-para-venda-condominio-boulevard-residence-mossoro-rn-1056798248,29/May/2023,21:15:49
Venda - casa em rua pública,2,R$ 160.000,Abolição,Mossoró,RN,200m²,JORGEFRANKLIN1,04/04/2023,https://rn.olx.com.br/rio-grande-do-norte/imoveis/vende-se-ou-troca-se-por-carro-casa-no-bairro-abolicao-iv-em-mossoro-1167711646,29/May/2023,21:15:49
Venda - casa em rua pública,2,R$ 130.000,Redenção,Mossoró,RN,128m²,Imobiliária Business Gold,04/04/2023,https://rn.olx.com.br/rio-grande-do-norte/imoveis/casa-a-venda-no-bairro-redencao-mossoro-rn-1111443554,29/May/2023,21:15:49
Venda - apartamento padrão,2,R$ 199.000,Santo Antônio,Mossoró,RN,52m²,Visão Imobiliária,03/04/2023,https://rn.olx.com.br/rio-grande-do-norte/imoveis/vende-se-apto-semi-mobiliado-resid-solar-celina-guimaraes-1111971818,29/May/2023,21:15:49
Venda - casa em condominio fechado,3,R$ 1.200.000,Nova Betânia,Mossoró,RN,200m²,KM IMÓVEIS,03/04/2023,https://rn.olx.com.br/rio-grande-do-norte/imoveis/venda-casa-terrea-no-alphaville-em-mossoro-1043608806,29/May/2023,21:15:49
Venda - apartamento padrão,2,R$ 210.000,Nova Betânia,Mossoró,RN,55m²,KM IMÓVEIS,03/04/2023,https://rn.olx.com.br/rio-grande-do-norte/imoveis/venda-apartamento-no-residencial-r-mendes-bairro-nova-betania-em-mossoro-1120225757,29/May/2023,21:15:49
Venda - casa em rua pública,4,R$ 320.000,Abolição,Mossoró,RN,110m²,Visão Imobiliária,03/04/2023,https://rn.olx.com.br/rio-grande-do-norte/imoveis/casa-terrea-em-abolicao--mossoro-1124412311,29/May/2023,21:15:49
Venda - casa em rua pública,3,R$ 550.000,Bela Vista,Mossoró,RN,112m²,Visão Imobiliária,03/04/2023,https://rn.olx.com.br/rio-grande-do-norte/imoveis/vende-se-belissima-casa-condominio-residencial-boulevard-1134047455,29/May/2023,21:15:49
Venda - apartamento padrão,2,R$ 180.000,Santo Antônio,Mossoró,RN,60m²,Visão Imobiliária,03/04/2023,https://rn.olx.com.br/rio-grande-do-norte/imoveis/vendem-se-aptos-residencial-bella-rio-branco-santo-antonio-1085660658,29/May/2023,21:15:49
Venda - casa em rua pública,2,R$ 190.000,Bela Vista,Mossoró,RN,70m²,Visão Imobiliária,11/04/2023,https://rn.olx.com.br/rio-grande-do-norte/imoveis/vendem-se-casas-no-loteamento-bela-vista-mossoro-rn-1068583358,29/May/2023,21:15:49
Venda - casa em rua pública,4,R$ 800.000,Nova Betânia,Mossoró,RN,1080m²,Imobiliária Business Gold,11/04/2023,https://rn.olx.com.br/rio-grande-do-norte/imoveis/casa-a-venda-no-bairro-nova-betania-mossoro-rn-1124304033,29/May/2023,21:15:49
Venda - apartamento padrão,2,R$ 290.000,Ilha de Santa Luzia,Mossoró,RN,65m²,KM IMÓVEIS,11/04/2023,https://rn.olx.com.br/rio-grande-do-norte/imoveis/venda-apartamento-no-residencial-creta-no-alto-de-sao-manoel-em-mossoro-rn-1156515732,29/May/2023,21:15:49
Venda - apartamento padrão,2,R$ 220.000,Alto de São Manoel,Mossoró,RN,58m²,MOISES DE JESUS GRILO,10/04/2023,https://rn.olx.com.br/rio-grande-do-norte/imoveis/vendo-apartamento-vingt-up-rosado-proximo-esam-998849715,29/May/2023,21:15:49
Venda - apartamento padrão,2,R$ 153.000,Santo Antônio,Mossoró,RN,56m²,MOISES DE JESUS GRILO,10/04/2023,https://rn.olx.com.br/rio-grande-do-norte/imoveis/apartamento-para-venda-com-56-metros-quadrados-com-2-quartos-em-santo-antonio-mossoro-1046980234,29/May/2023,21:15:49
Venda - casa em condominio fechado,4,R$ 1.600.000,Nova Betânia,Mossoró,RN,227m²,KM IMÓVEIS,10/04/2023,https://rn.olx.com.br/rio-grande-do-norte/imoveis/venda-mansao-no-residencial-sunville-no-bairro-nova-betania-em-mossoro-rn-1154339978,29/May/2023,21:15:49
Venda - apartamento padrão,2,R$ 450.000,Nova Betânia,Mossoró,RN,104m²,Sueldo Silva,10/04/2023,https://rn.olx.com.br/rio-grande-do-norte/imoveis/apartamento-para-venda-com-104-metros-quadrados-com-2-quartos-em-nova-betania-mossoro-967060978,29/May/2023,21:15:49
Venda - casa em rua pública,3,R$ 440.000,Aeroporto,Mossoró,RN,10m²,Sueldo Silva,10/04/2023,https://rn.olx.com.br/rio-grande-do-norte/imoveis/casa-a-venda-no-condominio-veronique-oportunidade-1114278715,29/May/2023,21:15:49
Venda - casa em rua pública,3,R$ 640.000,Rincão,Mossoró,RN,153m²,Sueldo Silva,10/04/2023,https://rn.olx.com.br/rio-grande-do-norte/imoveis/casa-a-venda-no-ninho-residencial-oportunidade-1157744368,29/May/2023,21:15:49
Venda - casa em rua pública,2,R$ 57.000,Belo Horizonte,Mossoró,RN,150m²,KM IMÓVEIS,10/04/2023,https://rn.olx.com.br/rio-grande-do-norte/imoveis/venda-casa-no-bairro-belo-horizonte-em-mossoro-1045564005,29/May/2023,21:15:49
Venda - apartamento padrão,4,R$ 890.000,Nova Betânia,Mossoró,RN,160m²,KM IMÓVEIS,10/04/2023,https://rn.olx.com.br/rio-grande-do-norte/imoveis/venda-apartamento-alto-padrao-no-spazio-di-firenze-em-mossoro-1043609886,29/May/2023,21:15:49
Venda - casa em rua pública,3,R$ 150.000,Bom Jardim,Mossoró,RN,133m²,KM IMÓVEIS,10/04/2023,https://rn.olx.com.br/rio-grande-do-norte/imoveis/venda-casa-com-amplo-terreno-no-bom-jardim-em-mossoro-1043604004,29/May/2023,21:15:49
Venda - casa em rua pública,2,R$ 250.000,Rincão,Mossoró,RN,160m²,Visão Imobiliária,10/04/2023,https://rn.olx.com.br/rio-grande-do-norte/imoveis/vende-se-casa-no-loteamento-parque-universitario-1088333849,29/May/2023,21:15:49
Venda - apartamento padrão,2,R$ 95.000,Planalto Treze de Maio,Mossoró,RN,52m²,Visão Imobiliária,10/04/2023,https://rn.olx.com.br/rio-grande-do-norte/imoveis/apartamento-em-mossoro-1016138801,29/May/2023,21:15:49
Venda - casa em rua pública,3,R$ 749.900,Rincão,Mossoró,RN,163m²,Sueldo Silva,10/04/2023,https://rn.olx.com.br/rio-grande-do-norte/imoveis/belissima-casa-disponivel-a-venda-ninho-residencial-1166272305,29/May/2023,21:15:49
Venda - casa em condominio fechado,5 ou mais,R$ 1.150.000,Rincão,Mossoró,RN,295m²,KM IMÓVEIS,11/03/2023,https://rn.olx.com.br/rio-grande-do-norte/imoveis/venda-mansao-disponivel-no-condominio-ninho-no-bairro-rincao-em-mossoro-1138917875,29/May/2023,21:15:49
Venda - apartamento padrão,5 ou mais,R$ 1.120.000,Abolição,Mossoró,RN,900m²,Abreu Imóveis Ltda,10/03/2023,https://rn.olx.com.br/rio-grande-do-norte/imoveis/mossoro-apartamento-padrao-nova-betanea-1048946006,29/May/2023,21:15:49
Venda - apartamento padrão,1,R$ 160.000,Nova Betânia,Mossoró,RN,24m²,KM IMÓVEIS,10/03/2023,https://rn.olx.com.br/rio-grande-do-norte/imoveis/venda-apartamento-moderno-tipo-studio-no-west-fit-em-mossoro-rn-1157514321,29/May/2023,21:15:49
Venda - casa em rua pública,3,R$ 900.000,Dix-Sept Rosado,Mossoró,RN,1300m²,KM IMÓVEIS,10/03/2023,https://rn.olx.com.br/rio-grande-do-norte/imoveis/venda-casa-com-ponto-comercial-no-bairro-dix-sept-rosado-em-mossoro-1043592710,29/May/2023,21:15:49
Venda - casa em rua pública,2,R$ 120.000,Planalto Treze de Maio,Mossoró,RN,999m²,KM IMÓVEIS,10/03/2023,https://rn.olx.com.br/rio-grande-do-norte/imoveis/venda-casa-em-condominio-no-planalto-em-mossoro-1048641784,29/May/2023,21:15:49
Venda - casa em rua pública,3,R$ 220.000,Abolição,Mossoró,RN,999m²,KM IMÓVEIS,10/03/2023,https://rn.olx.com.br/rio-grande-do-norte/imoveis/venda-casa-com-ponto-comercial-no-bairro-abolicao-iii-em-mossoro-1092846417,29/May/2023,21:15:49
Venda - casa em rua pública,4,R$ 550.000,Presidente Costa e Silva,Mossoró,RN,366m²,KM IMÓVEIS,10/03/2023,https://rn.olx.com.br/rio-grande-do-norte/imoveis/venda-ampla-casa-proximo-ao-ifrn-de-mossoro-1043600598,29/May/2023,21:15:49
Venda - apartamento padrão,3,R$ 70.000,Planalto Treze de Maio,Mossoró,RN,67m²,Bjgetsemani,04/05/2023,https://rn.olx.com.br/rio-grande-do-norte/imoveis/vendo-apartamento-de-3-4-sendo-um-suite-1180858757,29/May/2023,21:15:49
Venda - apartamento padrão,2,R$ 108.000,Planalto Treze de Maio,Mossoró,RN,60m²,Marcos Alves Corretor CRECI-RN 6906,04/05/2023,https://rn.olx.com.br/rio-grande-do-norte/imoveis/vendo-belissimo-apartamento-no-jardins-do-planalto-1180832672,29/May/2023,21:15:49
Venda - casa em condominio fechado,4,R$ 520.000,Bela Vista,Mossoró,RN,120m²,Marcos Alves Corretor CRECI-RN 6906,04/05/2023,https://rn.olx.com.br/rio-grande-do-norte/imoveis/vendo-belissima-casa-no-residencial-condominio-fechado-boulevard-1180786665,29/May/2023,21:15:49
Venda - casa em rua pública,2,R$ 104.900,Alto de São Manoel,Mossoró,RN,148m²,Eduardo,04/05/2023,https://rn.olx.com.br/rio-grande-do-norte/imoveis/casa-no-planalto-13-de-maio-em-mossoro-rn-1142095535,29/May/2023,21:15:49
Venda - casa em condominio fechado,3,R$ 600.000,Abolição,Mossoró,RN,115m²,Martinho O.,03/05/2023,https://rn.olx.com.br/rio-grande-do-norte/imoveis/casa-no-condominio-boulevard-mossoro-1180449457,29/May/2023,21:15:49
Venda - casa em vila,1,R$ 185.000,Paredões,Mossoró,RN,,Andersson Costa,03/05/2023,https://rn.olx.com.br/rio-grande-do-norte/imoveis/vende-se-vila-com-10-casas-bairro-paredoes-mossoro-rn-1180420231,29/May/2023,21:15:49
Venda - casa em condominio fechado,3,R$ 529.990,Aeroporto,Mossoró,RN,115m²,Visão Imobiliária,14/04/2023,https://rn.olx.com.br/rio-grande-do-norte/imoveis/casa-de-condominio-em-centro--mossoro-1134379666,29/May/2023,21:15:49
Venda - apartamento padrão,3,R$ 344.981,Bela Vista,Mossoró,RN,70m²,Sueldo Silva,14/04/2023,https://rn.olx.com.br/rio-grande-do-norte/imoveis/venda-de-imovel-no-palazzo-residencial-agende-sua-visita-1080907892,29/May/2023,21:15:49
Venda - apartamento padrão,2,R$ 150.000,Dom Jaime Câmara,Mossoró,RN,55m²,Visão Imobiliária,14/04/2023,https://rn.olx.com.br/rio-grande-do-norte/imoveis/apartamento-em-dom-jaime-camara--mossoro-1124430714,29/May/2023,21:15:49
Venda - casa em condominio fechado,3,R$ 239.000,Alto do Sumaré,Mossoró,RN,999m²,KM IMÓVEIS,14/04/2023,https://rn.olx.com.br/rio-grande-do-norte/imoveis/venda-casa-no-condomino-bella-residence-bairro-alto-do-sumare-em-mossoro-1123770444,29/May/2023,21:15:49
Venda - casa em condominio fechado,2,R$ 99.900,Dom Jaime Câmara,Mossoró,RN,55m²,Visão Imobiliária,14/04/2023,https://rn.olx.com.br/rio-grande-do-norte/imoveis/vende-se-casa-no-residencial-alvorada-1016135419,29/May/2023,21:15:49
Venda - casa em rua pública,2,R$ 130.000,Alto do Sumaré,Mossoró,RN,70m²,Visão Imobiliária,14/04/2023,https://rn.olx.com.br/rio-grande-do-norte/imoveis/casa-terrea-em-mossoro-1016134469,29/May/2023,21:15:49
Venda - casa em condominio fechado,3,R$ 550.000,Centro,Mossoró,RN,117m²,Sueldo Silva,14/04/2023,https://rn.olx.com.br/rio-grande-do-norte/imoveis/venda-casa-no-condominio-boulevard-1065970453,29/May/2023,21:15:49
Venda - casa em rua pública,3,R$ 590.000,Centro,Mossoró,RN,119m²,Imobiliária Viver Bem,14/04/2023,https://rn.olx.com.br/rio-grande-do-norte/imoveis/casa-em-condominio-fechado-3-quartos-sendo-1-suite-master-1087426286,29/May/2023,21:15:49
Venda - casa em rua pública,3,R$ 85.000,Dom Jaime Câmara,Mossoró,RN,,adsonrodrigues7,14/04/2023,https://rn.olx.com.br/rio-grande-do-norte/imoveis/casa-com-3-quartos-no-bairro-dom-jaime-camara-1172527705,29/May/2023,21:15:49
Venda - casa em rua pública,2,R$ 190.000,Bela Vista,Mossoró,RN,75m²,Visão Imobiliária,14/04/2023,https://rn.olx.com.br/rio-grande-do-norte/imoveis/vende-se-casa-terrea-no-loteamento-bela-vista--mossoro-1159902626,29/May/2023,21:15:49
Venda - casa em rua pública,2,R$ 98.500,Rincão,Mossoró,RN,999m²,KM IMÓVEIS,14/04/2023,https://rn.olx.com.br/rio-grande-do-norte/imoveis/venda-casa-no-vingt-rosado-em-mossoro-rn-1172520943,29/May/2023,21:15:49
Venda - loft/studio,1,R$ 175.000,Nova Betânia,Mossoró,RN,27m²,Visão Imobiliária,14/04/2023,https://rn.olx.com.br/rio-grande-do-norte/imoveis/flat-em-nova-betania--mossoro-1124459762,29/May/2023,21:15:49
Venda - casa em condominio fechado,4,R$ 850.000,Rincão,Mossoró,RN,305m²,Sueldo Silva,16/04/2023,https://rn.olx.com.br/rio-grande-do-norte/imoveis/belissima-casa-a-venda-ninho-residencial-975703811,29/May/2023,21:15:49
Venda - apartamento padrão,2,R$ 200.000,Presidente Costa e Silva,Mossoró,RN,52m²,Sueldo Silva,16/04/2023,https://rn.olx.com.br/rio-grande-do-norte/imoveis/apartamento-para-venda-central-park-4-andar-oportunidade-1066030702,29/May/2023,21:15:49
Venda - casa em rua pública,3,R$ 180.000,Abolição,Mossoró,RN,195m²,Visão Imobiliária,28/03/2023,https://rn.olx.com.br/rio-grande-do-norte/imoveis/vende-se-casa-residencial-com-predio-comercial-abolicao-1042371437,29/May/2023,21:15:49
Venda - apartamento padrão,2,R$ 140.000,Alto do Sumaré,Mossoró,RN,55m²,KM IMÓVEIS,28/03/2023,https://rn.olx.com.br/rio-grande-do-norte/imoveis/venda-apartamento-no-residencial-jardim-primavera-ii-1067712130,29/May/2023,21:15:49
Venda - casa em rua pública,2,R$ 180.000,Abolição,Mossoró,RN,999m²,KM IMÓVEIS,28/03/2023,https://rn.olx.com.br/rio-grande-do-norte/imoveis/venda-casa-disponivel-no-bairro-abolicao-iii-em-mossoro-1104502857,29/May/2023,21:15:49
Venda - casa em rua pública,3,R$ 125.000,Santa Delmira,Mossoró,RN,89m²,Visão Imobiliária,28/03/2023,https://rn.olx.com.br/rio-grande-do-norte/imoveis/casa-terrea-em-mossoro-1016135643,29/May/2023,21:15:49
Venda - casa em condominio fechado,3,R$ 550.000,Dix-Sept Rosado,Mossoró,RN,200m²,KM IMÓVEIS,28/03/2023,https://rn.olx.com.br/rio-grande-do-norte/imoveis/venda-casa-de-alto-padrao-no-boulevard-no-aeroporto-em-mossoro-rn-1113682922,29/May/2023,21:15:49
Venda - casa em rua pública,4,R$ 250.000,Presidente Costa e Silva,Mossoró,RN,999m²,KM IMÓVEIS,28/03/2023,https://rn.olx.com.br/rio-grande-do-norte/imoveis/venda-casa-duplex-no-bairro-presidente-costa-e-silva-em-mossoro-1148165198,29/May/2023,21:15:49
Venda - casa em rua pública,2,R$ 160.000,Alto do Sumaré,Mossoró,RN,71m²,Visão Imobiliária,28/03/2023,https://rn.olx.com.br/rio-grande-do-norte/imoveis/casa-terrea-em-mossoro-1016135163,29/May/2023,21:15:49
Venda - apartamento padrão,3,R$ 815.000,Nova Betânia,Mossoró,RN,135m²,KM IMÓVEIS,28/03/2023,https://rn.olx.com.br/rio-grande-do-norte/imoveis/venda-apartamento-no-residencial-spazio-di-florenca-em-mossoro-1101648150,29/May/2023,21:15:49
Venda - casa em rua pública,5 ou mais,R$ 350.000,Alto de São Manoel,Mossoró,RN,999m²,KM IMÓVEIS,28/03/2023,https://rn.olx.com.br/rio-grande-do-norte/imoveis/venda-casa-duplex-no-bairro-alto-de-sao-manoel-em-mossoro-1048642309,29/May/2023,21:15:49
Venda - apartamento padrão,2,R$ 150.000,Dom Jaime Câmara,Mossoró,RN,999m²,KM IMÓVEIS,28/03/2023,https://rn.olx.com.br/rio-grande-do-norte/imoveis/venda-apartamento-no-residencial-solar-das-palmeiras-em-mossoro-1048645039,29/May/2023,21:15:49
Venda - casa em rua pública,2,R$ 170.000,Alto do Sumaré,Mossoró,RN,125m²,Visão Imobiliária,27/03/2023,https://rn.olx.com.br/rio-grande-do-norte/imoveis/casa-em-alto-do-sumare--mossoro-1164676098,29/May/2023,21:15:49
Venda - casa em rua pública,2,R$ 150.000,Abolição,Mossoró,RN,97m²,Visão Imobiliária,27/03/2023,https://rn.olx.com.br/rio-grande-do-norte/imoveis/vende-se-casa-no-bairro-abolicao-iii--mossoro-1164676085,29/May/2023,21:15:49